Stats for: Phonemes/a.wav

.Wav file header data:
riffMagicNumber: RIFF$U
riffChunkSize: 21796

formatMagicNum: WAVEfmt 
formatChunkMagicNum: fmt 
formatChunkSize: 16
audioFormat (1 = PCM): 1
numChannels: 1
samplingRate: 44100
bytesPerSec: 88200
bytesPerBlock: 2
bitsPerSample: 16

dataChunkMagicNum: data
dataChunkSize: 21760
Samples (scaled to 8 bit signed values):
-8
-8
-7
-7
-7
-8
-8
-8
-8
-8
-8
-7
-7
-8
-8
-8
-8
-8
-8
-8
-7
-8
-8
-8
-8
-8
-7
-7
-7
-6
-6
-6
-6
-5
-5
-5
-5
-5
-5
-4
-4
-4
-4
-3
-3
-3
-4
-4
-4
-4
-4
-4
-4
-4
-4
-4
-4
-5
-5
-5
-5
-5
-5
-5
-5
-5
-5
-5
-5
-5
-4
-4
-4
-5
-5
-4
-4
-3
-3
-3
-2
-3
-3
-3
-3
-2
-3
-3
-3
-3
-3
-3
-4
-4
-4
-4
-4
-4
-4
-4
-3
-3
-4
-4
-4
-4
-4
-4
-4
-4
-3
-4
-4
-4
-5
-5
-4
-4
-4
-4
-4
-4
-4
-3
-4
-4
-4
-4
-4
-3
-3
-4
-4
-4
-4
-5
-5
-5
-4
-4
-4
-5
-5
-5
-5
-4
-4
-4
-4
-5
-5
-6
-5
-5
-5
-5
-5
-6
-6
-6
-6
-7
-7
-7
-7
-8
-8
-8
-8
-8
-8
-8
-8
-7
-7
-7
-8
-8
-7
-6
-6
-6
-6
-6
-6
-6
-6
-6
-7
-7
-7
-7
-7
-6
-6
-7
-8
-8
-8
-7
-7
-7
-7
-8
-8
-8
-8
-8
-7
-7
-7
-7
-6
-6
-6
-7
-6
-6
-5
-5
-5
-4
-5
-5
-6
-5
-5
-5
-5
-5
-6
-7
-7
-7
-7
-7
-8
-8
-8
-9
-9
-10
-10
-9
-8
-6
-4
-2
-1
-1
-3
-5
-6
-6
-4
-2
0
2
3
2
1
-1
-3
-5
-5
-5
-4
-3
-3
-2
0
0
2
3
3
0
-3
-7
-10
-10
-7
-1
3
7
7
5
0
-5
-9
-11
-9
-6
-2
0
2
2
1
0
0
-2
-4
-5
-6
-7
-6
-4
-1
2
4
5
3
0
-4
-8
-10
-9
-5
-1
2
4
4
2
0
-3
-5
-5
-4
-3
0
0
1
2
3
2
2
0
-1
-3
-5
-6
-6
-4
-3
-3
-3
-5
-8
-11
-13
-14
-14
-13
-11
-10
-10
-10
-11
-11
-12
-12
-11
-10
-10
-9
-8
-8
-7
-6
-6
-6
-7
-8
-9
-9
-8
-8
-7
-6
-6
-6
-7
-8
-10
-10
-9
-7
-6
-6
-6
-6
-7
-8
-10
-10
-10
-10
-10
-10
-11
-12
-12
-12
-13
-14
-14
-15
-16
-16
-15
-15
-14
-13
-12
-12
-12
-12
-13
-13
-13
-12
-11
-11
-9
-9
-9
-10
-10
-11
-12
-12
-12
-12
-12
-11
-11
-11
-12
-12
-12
-13
-13
-12
-12
-11
-11
-10
-9
-9
-9
-10
-10
-11
-11
-11
-11
-10
-9
-9
-8
-8
-8
-8
-8
-8
-8
-8
-7
-7
-7
-7
-6
-5
-4
-4
-5
-6
-7
-8
-9
-8
-7
-7
-7
-7
-10
-12
-14
-16
-17
-19
-20
-21
-22
-22
-22
-22
-23
-23
-23
-23
-25
-27
-29
-31
-31
-30
-28
-27
-26
-27
-28
-31
-34
-36
-37
-36
-32
-26
-19
-14
-10
-8
-7
-7
-7
-5
-3
1
6
12
17
21
23
25
25
23
21
19
18
16
17
18
21
24
26
26
23
18
11
3
-1
-1
1
6
10
12
12
8
3
-1
-7
-9
-9
-6
-3
0
1
1
0
-4
-8
-11
-13
-14
-13
-11
-8
-4
-2
0
0
-1
-3
-5
-7
-7
-6
-3
0
3
5
6
4
1
-2
-6
-8
-7
-4
0
3
7
10
11
9
6
3
1
1
3
8
13
18
21
22
20
15
9
4
0
0
0
2
3
5
3
1
-1
-4
-9
-13
-15
-17
-17
-16
-12
-9
-5
-3
-1
-2
-2
-3
-5
-6
-6
-4
0
6
10
13
13
11
7
4
2
0
1
4
6
10
12
13
13
13
12
11
11
11
11
9
8
6
7
8
10
11
9
6
1
-3
-8
-12
-14
-14
-12
-9
-7
-7
-8
-10
-13
-15
-17
-17
-16
-14
-12
-9
-7
-6
-6
-6
-6
-7
-9
-11
-12
-13
-12
-10
-7
-4
-2
-3
-5
-8
-11
-12
-12
-11
-8
-6
-4
-4
-4
-5
-7
-10
-13
-16
-18
-18
-18
-16
-16
-16
-18
-21
-25
-27
-30
-30
-31
-29
-28
-27
-28
-28
-30
-30
-30
-29
-28
-28
-28
-28
-30
-31
-31
-31
-32
-33
-36
-38
-42
-45
-47
-48
-49
-49
-47
-47
-46
-49
-53
-56
-57
-60
-62
-64
-67
-68
-70
-71
-70
-67
-61
-56
-51
-47
-43
-39
-37
-35
-31
-23
-11
0
10
15
17
16
15
13
13
15
19
21
21
21
20
20
19
18
15
12
9
4
0
-5
-7
-6
-1
1
2
0
-4
-11
-16
-18
-17
-13
-9
-4
-2
-3
-6
-9
-12
-15
-16
-16
-14
-12
-10
-10
-10
-11
-11
-12
-13
-14
-15
-17
-16
-13
-10
-8
-7
-8
-12
-16
-20
-21
-21
-19
-15
-11
-6
-4
-3
-3
-3
-4
-1
1
5
12
17
23
29
32
33
33
31
28
26
24
25
25
25
24
21
17
12
6
1
-4
-7
-10
-11
-12
-10
-9
-8
-7
-8
-9
-11
-12
-12
-11
-8
-4
0
3
5
5
4
3
2
1
1
2
3
4
6
8
10
12
12
10
10
9
10
11
15
18
22
24
24
23
21
19
18
16
14
13
12
9
6
4
1
0
-1
-2
-2
-2
-1
0
1
3
6
8
9
9
9
11
12
14
15
16
17
18
18
16
15
13
12
11
10
9
10
10
11
11
12
11
10
8
7
7
8
8
8
8
7
5
4
2
1
1
1
1
0
0
-1
-2
-3
-4
-4
-3
-2
0
0
0
0
1
1
2
1
1
1
1
1
2
3
3
3
2
0
-1
-4
-8
-11
-13
-14
-14
-14
-13
-13
-14
-16
-19
-22
-23
-23
-24
-22
-20
-18
-15
-14
-16
-19
-22
-25
-26
-27
-26
-25
-24
-23
-22
-22
-23
-24
-23
-25
-26
-27
-26
-25
-22
-19
-16
-13
-13
-14
-17
-20
-23
-24
-22
-20
-17
-15
-15
-16
-18
-22
-24
-25
-25
-24
-22
-21
-19
-19
-20
-20
-21
-22
-22
-24
-25
-25
-25
-23
-21
-19
-19
-21
-23
-26
-29
-32
-33
-33
-31
-30
-30
-32
-34
-36
-38
-40
-40
-39
-38
-37
-36
-36
-37
-37
-38
-39
-42
-44
-46
-47
-49
-51
-52
-53
-54
-56
-59
-63
-67
-71
-73
-74
-75
-77
-80
-82
-85
-87
-89
-88
-84
-77
-69
-62
-58
-54
-50
-44
-38
-31
-23
-14
-5
2
10
16
23
29
35
37
38
39
38
38
38
41
45
50
52
50
45
38
30
24
18
14
14
14
14
12
8
4
0
-3
-7
-10
-12
-14
-15
-17
-18
-17
-15
-11
-8
-6
-6
-7
-8
-8
-6
-2
3
9
13
15
14
12
10
9
9
11
11
11
9
7
3
0
0
0
1
2
2
3
3
4
5
8
12
15
19
21
23
25
27
31
35
38
40
40
40
38
37
35
34
34
31
29
25
21
19
16
14
11
9
7
5
2
0
0
0
1
1
1
0
0
0
0
0
0
0
0
0
0
0
0
2
3
5
5
4
4
4
6
9
12
15
18
19
21
23
25
26
28
28
28
26
24
21
19
18
16
15
12
7
1
-4
-9
-11
-12
-11
-10
-9
-8
-8
-9
-9
-9
-8
-8
-8
-7
-6
-5
-2
1
5
9
11
11
8
4
0
0
0
4
9
13
16
17
16
13
9
6
2
0
-1
-1
0
2
2
2
0
-2
-8
-14
-21
-27
-31
-31
-27
-21
-16
-12
-12
-14
-19
-22
-24
-25
-24
-20
-14
-6
0
5
8
8
5
1
-2
-5
-6
-4
-1
2
5
7
6
1
-6
-14
-21
-25
-27
-25
-23
-21
-19
-20
-23
-28
-35
-40
-44
-47
-47
-45
-43
-41
-40
-41
-43
-47
-52
-56
-59
-61
-60
-56
-52
-47
-43
-42
-42
-44
-46
-46
-44
-40
-35
-30
-26
-23
-21
-21
-22
-23
-24
-25
-24
-23
-23
-22
-21
-21
-21
-23
-26
-31
-35
-39
-41
-41
-39
-38
-38
-39
-42
-47
-52
-58
-61
-62
-62
-62
-63
-64
-68
-73
-78
-83
-88
-91
-94
-97
-98
-97
-95
-89
-81
-71
-62
-53
-47
-42
-39
-37
-33
-26
-18
-8
2
11
17
19
19
18
17
15
12
10
7
5
6
7
11
16
20
21
19
13
4
-5
-10
-10
-6
1
10
18
22
21
16
10
3
0
-2
-1
2
5
10
13
16
17
15
11
7
2
-1
-3
-2
0
6
12
17
17
13
7
-1
-8
-13
-16
-14
-12
-9
-8
-8
-10
-14
-18
-22
-23
-22
-18
-13
-6
0
6
11
15
18
20
22
25
28
33
39
45
50
53
53
51
46
40
35
31
29
27
27
28
27
25
21
16
12
7
5
5
6
8
11
13
15
16
15
15
14
14
14
15
15
16
19
21
24
25
26
24
21
19
18
18
20
24
29
31
33
33
32
30
30
30
32
34
35
36
34
30
26
23
20
17
14
11
8
4
2
1
0
1
1
0
0
-2
-3
-3
-1
1
5
8
9
9
7
5
3
2
4
8
11
14
15
15
13
10
9
8
8
8
9
10
10
10
11
11
10
9
6
3
-1
-5
-6
-6
-3
0
3
3
1
-2
-9
-14
-17
-16
-14
-10
-6
-2
-1
-1
-3
-5
-7
-9
-10
-11
-12
-12
-11
-8
-6
-5
-5
-7
-12
-17
-22
-26
-28
-26
-23
-20
-19
-21
-25
-30
-34
-38
-39
-37
-36
-34
-34
-34
-34
-33
-33
-33
-34
-35
-36
-38
-38
-37
-35
-33
-31
-31
-34
-39
-43
-44
-44
-41
-38
-37
-36
-38
-41
-45
-48
-50
-50
-49
-48
-47
-47
-47
-48
-49
-49
-50
-51
-53
-54
-54
-54
-52
-49
-47
-47
-48
-50
-53
-55
-57
-58
-58
-56
-56
-56
-57
-59
-61
-64
-65
-67
-69
-71
-72
-74
-76
-77
-79
-81
-84
-87
-90
-92
-93
-92
-87
-79
-71
-63
-55
-50
-47
-45
-42
-37
-31
-24
-14
-5
2
9
13
15
16
17
17
16
15
14
14
13
14
17
21
23
24
22
16
9
3
0
0
4
9
13
17
17
15
11
6
3
2
3
5
5
5
3
2
2
3
4
4
3
1
-1
-3
-3
-1
3
8
11
12
10
5
1
-1
-2
0
2
5
6
5
2
-1
-3
-3
-2
1
5
8
11
15
18
22
27
32
37
40
43
45
48
53
59
63
67
68
66
62
57
52
47
43
40
37
34
31
27
22
17
12
7
3
1
0
0
2
4
6
6
6
6
5
6
6
8
12
15
18
21
22
23
24
24
24
24
24
25
27
30
34
37
40
43
44
43
42
41
42
43
45
48
49
47
45
41
36
31
27
23
18
15
12
10
7
5
2
-1
-5
-9
-13
-14
-14
-12
-9
-5
-3
-2
-3
-4
-6
-7
-7
-5
-2
1
4
7
9
9
9
7
4
2
1
2
4
8
13
17
19
21
19
15
11
7
5
6
10
15
18
22
23
21
17
10
3
-2
-5
-6
-3
1
4
7
8
6
0
-6
-14
-20
-23
-23
-19
-14
-9
-5
-4
-7
-13
-20
-27
-31
-33
-31
-27
-23
-19
-17
-17
-19
-23
-28
-33
-36
-37
-34
-29
-22
-16
-12
-11
-14
-20
-26
-31
-33
-32
-29
-24
-20
-18
-18
-23
-29
-35
-41
-44
-46
-46
-46
-44
-43
-44
-45
-48
-52
-58
-63
-67
-70
-70
-68
-64
-62
-59
-58
-60
-65
-71
-76
-77
-76
-72
-67
-62
-59
-59
-62
-67
-70
-72
-73
-73
-71
-68
-66
-64
-63
-63
-65
-68
-71
-75
-79
-80
-81
-81
-81
-80
-80
-81
-81
-79
-74
-68
-61
-53
-46
-39
-34
-30
-28
-25
-20
-13
-6
0
6
11
14
17
18
16
13
8
4
0
0
0
4
9
12
12
7
0
-10
-19
-25
-26
-21
-14
-7
-2
0
-1
-5
-10
-14
-16
-17
-15
-12
-8
-3
0
4
7
8
7
5
2
0
0
2
7
14
22
27
29
27
23
16
11
10
11
13
17
20
21
21
20
17
15
14
14
15
18
22
27
32
37
42
44
46
48
51
52
55
60
64
68
70
72
71
68
64
60
56
52
48
44
41
38
35
32
28
24
18
14
10
8
8
9
11
14
16
17
18
18
18
18
19
21
23
25
27
29
31
31
32
31
31
31
32
33
34
36
39
41
43
44
45
45
44
44
44
44
44
42
41
40
39
37
35
33
30
27
23
19
16
13
11
10
10
10
11
11
10
9
8
8
8
8
8
8
9
10
11
12
13
13
13
12
11
9
7
6
5
5
8
10
12
12
11
9
9
8
7
7
8
10
9
9
8
8
8
7
8
9
9
10
10
9
9
8
9
9
10
9
9
8
8
7
6
5
5
3
2
0
-2
-3
-5
-7
-8
-8
-8
-9
-10
-14
-17
-20
-22
-23
-23
-23
-22
-21
-21
-22
-23
-23
-24
-24
-24
-24
-23
-23
-22
-21
-20
-19
-19
-20
-21
-23
-25
-26
-27
-28
-28
-28
-29
-31
-32
-35
-37
-41
-44
-47
-49
-50
-51
-52
-52
-54
-56
-58
-61
-63
-65
-66
-66
-66
-65
-65
-66
-66
-66
-66
-66
-66
-66
-66
-66
-66
-67
-68
-69
-69
-69
-70
-70
-71
-72
-73
-74
-74
-75
-76
-77
-79
-81
-82
-84
-85
-85
-85
-85
-87
-89
-91
-92
-90
-85
-79
-69
-60
-52
-47
-43
-40
-38
-35
-31
-24
-17
-9
-2
2
4
7
8
10
11
10
7
2
-2
-5
-3
0
4
7
7
3
-5
-14
-21
-24
-23
-17
-11
-5
-3
-4
-8
-13
-15
-14
-10
-6
-4
-2
-1
-1
0
3
7
11
12
11
10
8
9
12
16
22
26
28
27
23
17
12
11
13
16
18
19
17
12
7
2
0
-1
-1
0
1
4
6
9
13
18
22
26
29
32
35
38
43
50
57
63
67
68
67
64
61
59
57
56
55
53
50
46
42
37
32
28
25
22
22
21
21
20
20
20
21
22
22
21
22
24
26
29
31
32
32
32
31
30
29
29
30
30
32
34
34
35
35
35
34
34
34
35
36
39
41
41
42
41
39
35
31
28
25
24
22
20
18
15
13
10
8
5
3
2
1
3
5
7
9
11
12
12
12
12
12
13
14
15
15
15
16
16
14
13
10
7
6
4
4
5
6
8
9
9
9
8
6
5
4
5
7
8
11
13
14
14
13
11
9
6
5
5
4
4
4
4
4
4
4
2
0
-2
-5
-7
-7
-6
-4
-1
0
2
1
-1
-5
-9
-13
-14
-13
-12
-10
-8
-9
-10
-13
-16
-19
-21
-23
-24
-24
-24
-24
-23
-21
-20
-19
-20
-22
-26
-30
-33
-34
-33
-30
-27
-25
-26
-29
-35
-40
-45
-47
-46
-44
-43
-43
-44
-47
-49
-52
-53
-54
-55
-57
-59
-61
-62
-61
-59
-57
-56
-57
-61
-65
-70
-73
-74
-72
-68
-65
-63
-64
-67
-71
-74
-75
-74
-72
-70
-69
-68
-68
-67
-67
-66
-66
-67
-67
-69
-71
-73
-74
-73
-71
-71
-71
-73
-77
-81
-84
-86
-87
-87
-88
-87
-86
-83
-79
-75
-72
-70
-66
-60
-55
-48
-42
-35
-29
-24
-21
-19
-16
-12
-6
0
6
12
14
12
7
1
-1
0
2
5
8
9
7
6
4
3
2
1
0
-1
-5
-7
-8
-5
0
7
14
18
18
13
4
-3
-6
-3
4
14
24
31
33
32
27
23
19
19
21
23
25
26
28
29
31
34
36
35
30
22
13
5
2
4
10
18
25
28
28
24
20
16
16
20
27
36
45
52
57
62
65
67
68
68
69
69
70
71
73
75
75
75
72
66
59
52
47
43
40
40
41
41
41
40
37
33
30
28
26
27
30
32
35
35
36
35
35
32
30
29
29
29
31
32
34
35
34
33
31
30
30
30
33
36
39
42
43
43
42
40
39
38
38
38
38
38
36
33
30
26
22
18
14
11
10
9
8
8
8
8
8
6
4
3
3
3
5
9
13
16
16
15
13
10
9
9
10
11
11
13
13
13
12
11
10
8
6
4
3
3
4
6
8
9
10
11
9
6
2
0
0
1
3
5
6
6
5
3
0
0
-2
-3
-3
-3
-3
-2
-2
-1
0
0
0
0
0
-1
-3
-5
-6
-6
-5
-5
-4
-3
-4
-6
-8
-12
-16
-20
-22
-24
-24
-24
-25
-25
-26
-28
-29
-31
-33
-36
-39
-42
-44
-44
-42
-39
-36
-34
-34
-37
-41
-46
-50
-53
-53
-51
-47
-44
-43
-44
-46
-50
-52
-54
-55
-56
-56
-57
-58
-56
-54
-52
-50
-50
-52
-57
-62
-67
-69
-69
-66
-63
-60
-59
-61
-65
-70
-74
-75
-75
-74
-72
-71
-70
-69
-69
-68
-67
-66
-66
-65
-64
-64
-64
-64
-62
-61
-60
-61
-64
-67
-70
-73
-76
-78
-80
-81
-83
-87
-92
-97
-104
-108
-108
-106
-100
-94
-90
-87
-85
-82
-78
-72
-66
-58
-49
-42
-35
-31
-28
-23
-17
-9
-1
6
10
10
7
3
3
7
15
22
26
25
22
17
13
11
14
21
27
30
27
20
12
6
6
12
21
30
34
30
21
12
5
5
10
18
25
27
25
20
14
12
14
19
25
28
26
19
11
6
6
12
20
27
29
24
13
3
-3
-3
2
10
19
25
27
25
24
26
30
38
47
55
60
61
63
65
70
78
87
93
95
93
88
82
78
77
78
79
78
75
68
60
52
45
42
39
37
33
29
23
18
16
14
14
15
15
14
11
8
7
8
11
14
17
19
20
19
18
18
19
22
26
29
30
31
32
33
35
37
40
42
45
47
47
46
44
42
39
37
36
34
32
29
24
19
14
10
5
2
-1
-3
-6
-10
-13
-15
-15
-13
-11
-9
-8
-8
-9
-11
-10
-10
-7
-4
-1
0
1
1
2
1
0
0
0
1
2
2
2
2
2
3
5
5
5
3
2
0
0
0
1
1
2
1
0
0
-2
-4
-6
-6
-5
-5
-5
-6
-7
-8
-8
-8
-8
-7
-8
-8
-8
-6
-5
-3
-2
-2
-4
-6
-7
-8
-8
-8
-8
-8
-8
-10
-12
-15
-18
-20
-22
-23
-25
-27
-29
-31
-32
-32
-31
-31
-30
-30
-32
-35
-37
-38
-38
-37
-34
-33
-31
-31
-33
-36
-39
-42
-42
-42
-42
-41
-43
-46
-49
-52
-53
-52
-51
-51
-53
-56
-61
-65
-67
-67
-65
-63
-60
-60
-64
-68
-72
-74
-74
-72
-69
-66
-65
-66
-68
-68
-66
-62
-57
-52
-49
-48
-49
-50
-48
-45
-40
-35
-31
-29
-30
-33
-37
-40
-41
-40
-40
-42
-47
-52
-58
-63
-66
-68
-71
-74
-80
-86
-92
-98
-102
-105
-107
-109
-112
-114
-117
-119
-117
-113
-107
-99
-90
-82
-76
-71
-67
-62
-56
-49
-40
-30
-20
-10
1
12
20
27
30
31
30
28
27
30
37
44
50
54
57
57
53
47
39
32
25
21
18
20
24
29
34
35
33
27
17
6
-2
-7
-5
0
9
17
23
24
21
17
12
7
5
4
7
11
18
25
33
38
41
40
36
30
25
21
20
24
32
41
49
53
54
51
47
45
45
50
56
63
70
77
82
86
89
90
90
87
84
82
81
83
84
86
88
87
82
74
63
52
43
37
33
30
28
27
25
23
19
14
9
4
0
-2
-3
-1
1
5
9
12
14
16
16
16
16
17
18
19
22
25
29
34
40
45
49
50
49
45
43
41
42
46
50
54
55
54
49
42
36
30
25
20
14
8
3
-2
-5
-5
-5
-5
-7
-10
-16
-22
-25
-26
-22
-16
-9
-2
0
0
-2
-4
-5
-4
-2
0
3
5
8
10
11
12
12
11
8
3
0
-2
-2
0
3
7
10
10
6
1
-4
-9
-11
-11
-9
-7
-6
-5
-6
-8
-11
-14
-16
-19
-22
-24
-24
-23
-20
-15
-12
-10
-11
-14
-17
-20
-22
-22
-20
-16
-11
-8
-8
-9
-11
-14
-17
-19
-20
-20
-19
-18
-17
-15
-15
-16
-18
-21
-25
-28
-28
-26
-24
-22
-19
-18
-18
-19
-23
-27
-30
-33
-34
-32
-30
-28
-25
-26
-28
-32
-37
-43
-47
-51
-52
-51
-49
-46
-46
-46
-48
-50
-55
-61
-65
-69
-70
-69
-66
-63
-60
-58
-58
-60
-63
-67
-69
-69
-67
-64
-59
-53
-47
-43
-40
-39
-40
-40
-40
-40
-37
-34
-30
-25
-21
-18
-16
-17
-20
-24
-28
-31
-33
-35
-37
-40
-44
-48
-52
-58
-64
-69
-76
-82
-88
-93
-96
-101
-106
-110
-114
-118
-123
-127
-127
-127
-127
-127
-127
-119
-110
-101
-90
-80
-71
-63
-58
-51
-44
-33
-21
-7
7
21
34
44
51
55
56
55
52
49
48
50
56
61
66
69
70
68
61
50
37
24
16
12
12
17
23
28
31
30
23
16
7
0
-4
-5
-3
3
12
20
26
29
29
26
22
17
13
12
15
23
34
45
53
57
55
50
44
37
32
30
32
36
42
47
50
52
51
48
45
44
44
45
49
54
60
67
74
77
78
75
72
68
65
65
68
71
74
74
72
67
60
53
45
38
33
30
27
24
22
19
16
13
10
8
5
2
0
1
4
9
15
20
25
27
26
25
25
26
29
35
41
46
50
50
49
46
44
42
43
44
44
44
44
42
41
40
38
35
31
27
21
16
12
7
5
3
0
-2
-7
-13
-18
-22
-26
-27
-28
-27
-25
-23
-22
-19
-17
-14
-11
-8
-6
-3
-1
1
4
7
9
12
15
17
19
20
21
20
17
15
13
10
9
8
7
6
5
4
1
-1
-3
-6
-9
-12
-15
-18
-20
-22
-23
-24
-24
-25
-26
-28
-30
-32
-34
-35
-36
-36
-34
-32
-30
-28
-28
-27
-25
-24
-21
-19
-18
-17
-16
-15
-12
-9
-7
-4
-3
-2
-2
-2
-3
-4
-6
-6
-6
-6
-6
-6
-5
-5
-6
-7
-9
-13
-17
-21
-24
-25
-25
-25
-25
-26
-28
-32
-35
-39
-42
-45
-47
-50
-52
-53
-55
-55
-55
-55
-55
-57
-60
-63
-66
-67
-67
-65
-62
-60
-59
-59
-59
-61
-61
-61
-60
-57
-56
-54
-52
-50
-48
-45
-42
-39
-36
-34
-31
-29
-26
-22
-18
-14
-11
-9
-8
-7
-7
-7
-6
-5
-5
-6
-9
-13
-17
-23
-28
-34
-39
-45
-51
-56
-62
-67
-73
-78
-83
-89
-95
-100
-105
-111
-115
-118
-121
-123
-126
-127
-127
-127
-126
-116
-100
-80
-61
-47
-39
-38
-40
-43
-41
-32
-15
8
33
56
71
77
75
68
61
56
53
51
51
53
58
67
79
90
97
95
80
53
23
-2
-17
-16
0
26
54
72
72
55
26
-3
-24
-30
-23
-6
13
29
39
43
41
38
34
29
23
15
8
5
9
22
42
65
82
88
78
55
28
8
0
7
26
49
65
71
65
50
34
22
18
21
30
40
48
55
60
63
67
69
68
64
57
50
45
46
53
64
75
80
76
64
47
29
17
12
14
20
27
31
30
25
16
7
0
-3
-5
-4
-1
4
11
17
24
27
29
28
24
20
17
19
24
33
41
47
49
47
42
35
30
27
26
28
30
34
37
39
37
32
26
20
14
11
9
8
7
5
2
-2
-7
-12
-17
-20
-24
-26
-28
-30
-31
-29
-25
-21
-16
-12
-11
-11
-11
-10
-6
-2
3
7
11
11
10
9
8
9
13
16
18
17
15
11
6
0
-3
-4
-3
-2
-2
-4
-6
-10
-14
-19
-23
-26
-29
-31
-31
-32
-32
-33
-33
-33
-34
-36
-38
-40
-41
-41
-40
-37
-34
-31
-29
-27
-24
-21
-19
-18
-17
-16
-14
-12
-9
-5
0
1
1
0
-2
-4
-5
-5
-4
-3
-1
-3
-5
-9
-13
-15
-15
-14
-13
-12
-13
-16
-19
-23
-26
-28
-30
-31
-33
-35
-38
-40
-39
-38
-38
-40
-42
-46
-52
-57
-62
-64
-63
-58
-52
-47
-45
-48
-54
-61
-66
-69
-67
-62
-56
-51
-48
-46
-46
-47
-46
-45
-43
-40
-39
-38
-37
-35
-30
-23
-14
-6
-2
-2
-6
-11
-13
-13
-8
0
7
12
14
12
7
1
-2
-5
-6
-7
-10
-15
-22
-28
-32
-34
-36
-39
-43
-50
-58
-66
-71
-73
-72
-69
-68
-69
-72
-76
-82
-86
-88
-87
-86
-84
-83
-83
-85
-87
-90
-91
-91
-93
-95
-99
-102
-101
-93
-76
-53
-27
-4
7
7
-1
-15
-25
-26
-14
9
42
74
98
108
106
93
77
62
51
46
45
45
46
52
64
81
97
104
96
70
30
-11
-42
-53
-37
0
45
84
101
91
57
12
-28
-51
-50
-29
3
33
53
62
61
56
49
42
32
21
8
0
-2
9
33
66
97
114
110
84
44
5
-20
-22
-2
29
61
79
78
60
32
5
-11
-16
-10
1
14
24
32
38
43
49
51
50
43
33
24
23
32
51
73
91
98
91
72
48
27
16
16
25
37
45
48
43
34
22
11
2
-4
-8
-10
-10
-6
0
9
19
24
25
19
10
0
-6
-5
1
12
22
29
29
22
12
1
-5
-8
-8
-4
0
5
7
8
6
4
2
0
0
0
0
0
1
3
3
3
2
0
-4
-8
-11
-14
-15
-16
-16
-15
-12
-11
-11
-10
-12
-15
-16
-17
-16
-14
-13
-13
-14
-17
-20
-21
-21
-20
-18
-15
-14
-15
-19
-24
-30
-35
-38
-37
-34
-30
-27
-26
-28
-32
-37
-40
-43
-43
-42
-38
-34
-30
-27
-25
-24
-23
-22
-21
-20
-20
-20
-21
-21
-20
-18
-15
-12
-9
-6
-4
-5
-7
-10
-12
-13
-11
-9
-5
-2
-1
-2
-5
-8
-11
-14
-15
-15
-17
-19
-22
-28
-32
-36
-38
-38
-38
-36
-37
-40
-45
-51
-55
-58
-57
-56
-55
-54
-54
-55
-56
-55
-53
-50
-47
-44
-44
-47
-52
-55
-55
-51
-44
-34
-27
-25
-27
-34
-41
-46
-46
-40
-31
-23
-19
-19
-20
-22
-20
-15
-8
0
3
3
0
-5
-7
-2
7
19
30
36
35
29
21
15
13
15
19
22
22
18
12
7
3
2
2
1
-4
-14
-27
-38
-45
-46
-41
-33
-27
-26
-30
-37
-44
-48
-48
-44
-39
-34
-30
-28
-26
-24
-20
-16
-13
-12
-13
-16
-19
-20
-18
-12
-5
1
5
4
0
-5
-11
-14
-14
-12
-8
-4
-2
-3
-5
-8
-12
-16
-20
-24
-27
-29
-32
-33
-36
-37
-39
-42
-46
-53
-60
-68
-76
-83
-89
-92
-86
-68
-38
-6
19
32
31
18
0
-17
-23
-13
12
50
88
116
127
126
110
89
68
55
47
43
38
36
41
57
84
112
126
119
87
36
-20
-67
-87
-71
-23
39
94
123
114
72
12
-43
-77
-81
-57
-20
13
37
48
51
49
47
40
28
9
-13
-34
-41
-30
1
49
97
127
127
97
42
-15
-55
-64
-40
4
49
79
83
65
34
4
-16
-24
-19
-8
4
17
28
39
52
63
70
68
55
35
14
3
8
29
58
85
98
92
67
32
-1
-24
-32
-26
-13
0
8
7
0
-13
-26
-38
-48
-56
-59
-59
-53
-42
-28
-13
0
5
2
-7
-19
-29
-32
-27
-15
0
13
20
19
11
0
-9
-15
-17
-13
-6
1
8
13
13
9
4
0
-3
-4
-4
-4
-6
-9
-13
-16
-20
-22
-24
-27
-32
-40
-48
-54
-57
-55
-49
-43
-39
-40
-44
-50
-53
-52
-47
-39
-31
-27
-28
-32
-36
-38
-35
-28
-18
-10
-6
-7
-12
-20
-26
-29
-27
-21
-15
-9
-6
-6
-8
-11
-14
-17
-21
-23
-25
-25
-24
-20
-15
-11
-10
-12
-16
-21
-27
-30
-31
-30
-27
-25
-23
-24
-25
-25
-23
-22
-20
-21
-23
-26
-28
-27
-24
-17
-10
-5
-6
-10
-15
-20
-21
-20
-16
-11
-9
-11
-16
-23
-28
-29
-27
-22
-17
-16
-19
-24
-30
-33
-33
-30
-25
-21
-19
-19
-20
-20
-17
-12
-6
0
3
3
-1
-7
-12
-11
-5
4
16
23
23
15
2
-9
-17
-17
-11
-3
4
6
2
-4
-12
-16
-14
-9
-3
-1
-4
-12
-21
-24
-20
-10
2
13
17
13
3
-7
-12
-10
-1
10
21
25
24
18
11
9
10
16
21
22
18
11
2
-1
0
7
15
21
21
14
4
-4
-7
-4
3
12
19
20
16
9
2
-1
-1
3
7
10
11
9
7
6
8
12
16
18
18
15
10
7
8
13
21
30
36
38
36
32
26
23
24
27
34
40
44
45
42
38
33
29
27
26
26
24
21
18
15
13
11
9
8
5
2
-1
-5
-7
-8
-7
-4
0
0
0
-5
-10
-15
-17
-15
-10
-4
0
1
0
-2
-5
-7
-8
-6
-4
-1
0
1
0
0
2
5
8
9
7
4
0
-4
-5
-3
1
6
10
10
5
-2
-10
-17
-20
-20
-17
-16
-18
-23
-30
-37
-43
-46
-48
-48
-50
-56
-64
-72
-79
-83
-85
-84
-80
-72
-60
-44
-26
-14
-8
-11
-18
-27
-33
-30
-18
2
31
58
76
82
75
61
43
29
20
20
23
28
35
43
56
71
82
81
62
28
-12
-49
-71
-70
-44
-3
37
64
64
38
-6
-54
-91
-105
-94
-66
-34
-10
2
2
-3
-11
-20
-29
-40
-54
-66
-73
-67
-47
-15
19
45
53
36
0
-40
-73
-83
-69
-38
0
28
39
31
10
-12
-31
-40
-39
-31
-19
-7
5
16
25
32
34
27
13
-5
-21
-27
-20
-3
18
36
42
33
11
-16
-40
-54
-56
-50
-40
-31
-28
-29
-33
-40
-45
-51
-57
-64
-68
-68
-63
-51
-34
-16
-4
0
-4
-13
-24
-31
-29
-20
-6
6
16
20
18
13
6
2
1
2
3
3
6
10
15
21
25
26
22
16
10
5
3
3
6
8
11
10
7
2
-2
-8
-11
-14
-16
-18
-19
-17
-13
-9
-5
-3
-5
-9
-13
-16
-15
-11
-8
-6
-6
-8
-11
-13
-13
-10
-6
-3
-3
-4
-9
-13
-16
-16
-12
-5
2
8
10
9
8
7
8
12
16
21
25
28
30
33
35
38
41
41
40
37
32
27
24
23
24
26
27
27
25
23
19
16
13
10
7
5
4
4
6
8
10
12
12
10
6
2
0
0
1
5
8
10
10
8
6
5
6
8
10
12
12
10
7
4
3
3
4
5
6
6
5
3
2
1
0
0
-1
-3
-7
-11
-15
-17
-16
-13
-9
-7
-7
-11
-17
-23
-26
-25
-20
-13
-8
-6
-6
-9
-11
-9
-6
-1
3
6
5
1
0
0
3
11
18
22
22
17
9
3
1
3
8
13
15
12
7
1
-3
-4
-3
0
0
-3
-9
-18
-25
-27
-26
-21
-16
-14
-16
-21
-27
-31
-32
-28
-23
-20
-20
-24
-28
-31
-32
-28
-23
-18
-16
-18
-23
-28
-32
-31
-26
-19
-14
-12
-14
-19
-23
-24
-22
-17
-11
-7
-7
-8
-11
-12
-10
-6
-2
0
0
-1
-5
-8
-9
-7
-4
-2
-2
-6
-11
-17
-21
-22
-21
-20
-19
-20
-23
-26
-29
-29
-27
-24
-21
-20
-21
-24
-26
-28
-27
-24
-21
-17
-14
-12
-11
-10
-8
-6
-5
-5
-7
-8
-8
-7
-4
0
5
10
11
10
7
4
1
0
2
5
9
13
14
14
12
9
6
2
0
-3
-5
-6
-6
-5
-4
-2
-2
-3
-5
-8
-11
-12
-11
-8
-5
-1
3
6
6
5
3
1
0
0
3
8
13
17
19
20
19
18
18
19
20
22
23
23
22
22
23
26
31
35
38
37
34
29
24
21
21
24
29
33
34
31
27
23
19
16
15
14
12
10
7
4
4
6
10
15
17
14
9
1
-4
-6
-2
5
14
21
24
22
18
13
10
9
10
12
15
16
17
18
19
22
25
27
28
25
20
16
14
15
18
22
26
27
26
25
23
20
19
16
15
12
9
7
6
8
10
11
11
9
2
-5
-13
-18
-20
-19
-18
-18
-20
-26
-32
-37
-40
-42
-43
-46
-49
-53
-58
-62
-65
-65
-64
-63
-63
-65
-68
-71
-74
-77
-76
-74
-74
-74
-73
-72
-69
-64
-56
-45
-32
-18
-8
-2
-1
-2
-3
-1
4
13
26
40
54
64
68
67
60
50
39
29
21
18
18
20
22
25
29
29
24
12
-6
-27
-47
-61
-67
-61
-47
-29
-13
-6
-10
-25
-47
-67
-80
-82
-72
-55
-36
-21
-12
-9
-10
-12
-16
-19
-21
-23
-22
-17
-8
4
21
37
48
50
41
23
3
-10
-15
-7
5
21
33
34
24
9
-7
-19
-24
-23
-17
-11
-5
-2
-1
-1
0
0
0
0
-5
-10
-12
-9
-2
7
17
23
23
15
2
-10
-19
-22
-19
-13
-6
-1
-1
-5
-13
-21
-27
-30
-31
-30
-27
-23
-19
-15
-11
-8
-7
-8
-10
-13
-16
-18
-16
-13
-8
-3
0
0
-1
-5
-8
-11
-12
-12
-9
-6
-2
0
2
3
2
1
0
-1
-1
0
0
0
1
2
2
1
0
-1
-3
-6
-8
-11
-12
-13
-13
-11
-9
-7
-6
-6
-7
-9
-9
-8
-7
-6
-5
-5
-5
-3
0
1
3
4
3
1
-1
-3
-5
-5
-4
-2
0
0
0
0
-1
-3
-4
-6
-9
-11
-12
-13
-12
-9
-5
-1
1
1
0
-1
-4
-5
-5
-2
0
3
6
7
8
10
11
12
12
12
10
8
6
6
8
12
15
18
19
17
14
9
5
2
0
0
-1
-1
-2
-4
-6
-8
-10
-13
-16
-18
-20
-21
-22
-22
-21
-20
-19
-18
-17
-16
-14
-12
-11
-9
-6
-3
0
2
5
8
9
10
10
11
14
16
20
22
22
20
17
14
12
10
11
12
13
14
14
12
11
10
9
8
6
4
2
0
0
0
2
6
8
9
6
2
-3
-7
-8
-7
-3
0
4
6
4
2
-1
-5
-7
-7
-7
-8
-7
-7
-7
-5
-3
-1
0
-2
-5
-10
-13
-14
-13
-9
-4
-1
0
-1
-4
-8
-11
-14
-13
-12
-10
-9
-10
-11
-14
-15
-17
-17
-18
-18
-20
-22
-24
-25
-24
-24
-24
-24
-26
-26
-27
-26
-25
-24
-22
-21
-21
-21
-21
-21
-20
-18
-17
-16
-15
-15
-16
-16
-16
-15
-14
-14
-14
-13
-12
-11
-9
-7
-4
-2
-2
-3
-5
-5
-5
-4
-4
-3
-1
0
0
1
2
2
1
0
-2
-4
-6
-6
-6
-5
-5
-4
-4
-4
-6
-7
-9
-11
-13
-14
-15
-16
-16
-16
-15
-14
-13
-12
-12
-12
-14
-16
-18
-18
-18
-16
-12
-8
-5
-2
0
0
1
3
5
7
9
10
11
11
12
13
14
17
20
21
21
19
15
12
9
8
9
11
13
14
14
12
9
7
5
3
2
1
0
0
-1
-2
-2
-1
0
1
0
-2
-7
-12
-16
-17
-17
-14
-10
-7
-7
-10
-12
-15
-16
-15
-12
-8
-4
-2
-1
-1
0
0
3
7
11
13
14
13
13
13
15
17
19
20
20
18
14
11
9
9
11
13
14
12
8
3
-1
-5
-7
-8
-8
-7
-7
-7
-8
-10
-11
-11
-12
-14
-16
-18
-19
-18
-17
-15
-12
-11
-10
-9
-9
-9
-10
-10
-11
-10
-9
-7
-4
0
4
8
10
11
9
5
2
1
2
4
8
12
15
16
15
12
10
7
5
3
1
0
-1
-1
0
1
3
5
4
1
-3
-8
-12
-15
-14
-12
-8
-5
-3
-4
-7
-9
-12
-14
-15
-16
-16
-15
-13
-11
-9
-8
-7
-6
-7
-8
-10
-11
-11
-10
-8
-6
-5
-4
-5
-7
-8
-9
-10
-11
-12
-12
-12
-11
-11
-11
-10
-11
-12
-12
-12
-11
-10
-8
-5
-2
-1
0
0
0
0
2
3
5
6
7
9
10
11
12
12
11
10
8
6
4
2
2
2
2
2
1
-1
-3
-6
-10
-12
-13
-13
-13
-13
-13
-14
-15
-15
-15
-15
-14
-13
-12
-11
-11
-10
-10
-8
-6
-4
-2
0
0
0
1
0
0
0
1
3
4
5
5
4
3
2
1
1
1
1
0
0
-3
-4
-4
-5
-4
-4
-5
-6
-7
-9
-10
-10
-11
-10
-9
-9
-10
-11
-12
-12
-12
-10
-7
-7
-7
-7
-8
-9
-9
-8
-6
-5
-4
-4
-3
-2
-2
-2
-2
-3
-3
-4
-4
-4
-4
-3
-2
-1
0
-1
-3
-5
-7
-8
-8
-5
-3
0
0
0
0
0
0
1
2
2
2
1
1
3
4
7
9
10
9
7
4
2
0
-1
0
2
5
6
5
2
0
-2
-3
-4
-5
-7
-8
-10
-11
-10
-7
-5
-3
-4
-7
-11
-14
-15
-14
-10
-7
-3
-1
0
-1
-3
-3
-3
-1
1
3
4
4
4
4
5
7
9
10
10
9
8
6
6
6
8
10
11
10
8
5
2
1
1
2
3
5
5
4
2
0
-2
-4
-6
-7
-6
-7
-8
-8
-9
-10
-12
-14
-17
-18
-20
-21
-20
-20
-20
-20
-21
-22
-23
-24
-24
-25
-26
-27
-29
-30
-30
-29
-28
-28
-27
-27
-29
-31
-32
-33
-32
-30
-27
-25
-21
-17
-12
-8
-5
-2
-1
1
3
5
9
15
20
25
29
31
32
31
30
28
26
25
25
25
24
24
24
25
25
23
18
12
4
-2
-8
-9
-8
-4
1
3
4
0
-5
-12
-17
-19
-18
-15
-10
-5
0
3
6
7
6
3
-1
-6
-8
-9
-5
1
9
16
19
17
12
4
-3
-9
-12
-11
-7
-2
0
2
0
-1
-4
-9
-13
-16
-17
-17
-15
-11
-5
0
4
7
8
6
3
2
2
4
7
12
16
18
18
17
14
11
8
5
4
3
2
2
0
-1
-5
-9
-13
-15
-17
-18
-18
-18
-17
-18
-19
-21
-22
-23
-23
-21
-19
-17
-14
-12
-9
-7
-7
-7
-9
-11
-12
-11
-8
-3
1
6
8
8
6
3
1
1
2
4
7
10
12
13
12
11
9
7
4
0
-2
-4
-5
-4
-2
0
0
0
-1
-5
-9
-11
-12
-10
-7
-3
-1
0
-1
-3
-4
-5
-6
-5
-5
-4
-4
-3
-2
-2
-1
-2
-2
-5
-7
-7
-7
-5
-3
0
1
2
1
0
0
-2
0
1
4
6
7
8
7
7
7
9
10
11
10
10
8
7
7
8
11
14
15
15
13
10
8
7
7
8
10
12
12
10
9
7
6
5
5
5
4
4
2
2
1
1
1
2
2
3
2
1
0
0
-1
-2
-1
0
0
0
0
-1
-3
-4
-3
-3
-2
-2
-2
-3
-5
-7
-8
-9
-8
-6
-4
-4
-5
-8
-10
-12
-11
-10
-7
-5
-5
-6
-8
-10
-10
-9
-7
-5
-4
-5
-8
-9
-10
-10
-8
-6
-3
-2
-3
-6
-9
-11
-11
-10
-6
-3
-2
-3
-5
-7
-8
-8
-8
-6
-4
-4
-5
-7
-8
-7
-6
-4
-3
-3
-4
-6
-9
-10
-9
-7
-6
-5
-4
-5
-6
-7
-9
-10
-10
-11
-11
-12
-13
-13
-13
-13
-13
-13
-14
-13
-14
-14
-14
-13
-12
-10
-8
-7
-6
-6
-6
-6
-5
-4
-2
-1
0
0
0
0
0
1
2
3
4
4
4
2
1
0
-1
-1
-1
-1
0
0
-1
-1
-1
-1
-1
-1
-2
-2
-3
-4
-4
-2
-1
0
2
3
4
4
2
0
0
0
1
3
6
8
8
8
6
4
3
2
1
1
2
2
2
2
3
5
5
5
5
2
0
-3
-4
-3
-1
2
5
7
6
3
1
-1
0
1
5
10
13
15
15
15
15
15
16
16
17
17
18
17
17
18
19
20
20
18
14
10
6
3
3
5
6
7
6
2
-1
-5
-8
-9
-9
-8
-7
-6
-6
-5
-5
-5
-6
-7
-8
-9
-9
-9
-8
-6
-4
-3
-2
-2
-3
-5
-7
-8
-7
-5
-3
-1
0
1
1
1
0
-1
-2
-2
-1
0
1
3
4
5
5
4
3
1
-1
-2
-2
-1
1
4
7
9
9
8
4
2
0
-1
0
2
5
7
8
7
4
1
-1
-4
-6
-8
-9
-10
-11
-12
-12
-14
-16
-18
-21
-24
-27
-30
-31
-32
-30
-27
-24
-23
-23
-24
-26
-29
-28
-26
-22
-17
-12
-8
-7
-6
-7
-7
-6
-4
-1
0
2
4
6
7
8
9
9
8
7
5
4
3
2
1
1
3
3
2
0
-5
-9
-12
-13
-12
-10
-9
-9
-11
-13
-16
-17
-19
-19
-18
-16
-14
-13
-11
-12
-12
-13
-14
-14
-13
-13
-12
-10
-9
-7
-6
-6
-7
-8
-10
-12
-13
-13
-12
-10
-7
-5
-4
-4
-6
-7
-9
-9
-8
-5
-3
0
2
4
6
6
6
5
4
3
5
5
7
9
11
11
10
8
5
3
0
-2
-3
-2
-3
-3
-3
-5
-6
-8
-10
-12
-12
-14
-14
-13
-12
-12
-12
-12
-12
-13
-14
-13
-12
-11
-10
-8
-6
-4
-2
-1
0
0
0
0
1
4
6
9
10
10
9
7
5
4
4
4
5
5
6
5
4
2
0
-3
-5
-8
-10
-11
-11
-10
-10
-9
-9
-11
-13
-14
-16
-15
-14
-12
-10
-7
-6
-5
-5
-5
-6
-6
-5
-4
-2
0
0
1
3
3
4
3
3
2
1
1
1
2
4
6
7
6
4
1
-1
-4
-5
-4
-1
0
1
1
0
-2
-4
-7
-8
-9
-9
-8
-6
-4
-3
-2
-4
-5
-6
-7
-7
-6
-5
-3
-2
0
0
2
2
1
0
-2
-4
-4
-4
-3
-1
0
0
0
0
-2
-5
-7
-9
-8
-7
-5
-5
-4
-5
-7
-9
-11
-12
-13
-12
-11
-10
-9
-8
-7
-8
-10
-11
-11
-11
-11
-10
-9
-8
-7
-6
-5
-5
-6
-7
-9
-11
-10
-8
-5
-2
0
0
0
0
-2
-4
-4
-3
-1
0
2
3
3
4
3
3
2
1
0
0
0
1
2
4
4
3
2
0
-2
-3
-4
-4
-3
-3
-2
-2
-4
-6
-8
-11
-12
-13
-13
-12
-12
-12
-11
-11
-11
-11
-11
-12
-13
-13
-12
-11
-9
-7
-4
-3
-2
-2
-4
-5
-6
-7
-6
-4
-2
-1
-1
-1
-1
-1
-2
-2
-2
-3
-3
-3
-2
-2
-2
-2
-2
-2
-3
-4
-5
-7
-8
-7
-8
-8
-9
-10
-11
-13
-13
-14
-15
-15
-15
-15
-15
-14
-14
-14
-14
-15
-14
-13
-13
-11
-10
-8
-7
-6
-6
-6
-6
-5
-4
-2
0
0
0
0
0
0
0
1
1
1
1
0
0
1
2
4
4
4
3
1
0
-2
-3
-2
-2
-2
-2
-3
-4
-6
-9
-11
-13
-13
-11
-11
-10
-9
-9
-9
-10
-10
-11
-11
-11
-10
-9
-7
-5
-4
-4
-4
-5
-7
-7
-7
-7
-6
-5
-4
-2
-1
-1
-2
-4
-4
-5
-5
-3
-1
0
3
5
7
8
9
8
6
5
4
6
8
9
11
12
11
10
9
7
6
5
4
4
5
6
6
5
4
3
1
-1
-3
-4
-6
-6
-6
-6
-7
-7
-8
-9
-11
-13
-14
-14
-14
-13
-12
-10
-8
-8
-7
-8
-7
-6
-4
-1
0
3
5
6
7
7
7
6
6
7
7
7
7
7
6
6
5
5
4
2
0
-2
-5
-6
-7
-7
-8
-8
-9
-10
-12
-13
-15
-16
-16
-17
-17
-16
-16
-15
-14
-13
-13
-11
-10
-9
-9
-10
-9
-8
-6
-3
-2
0
0
0
0
0
0
0
0
0
0
0
0
1
1
1
0
0
-1
-3
-5
-7
-8
-8
-7
-6
-6
-6
-5
-7
-8
-8
-9
-9
-9
-9
-7
-6
-4
-3
-3
-3
-5
-6
-6
-7
-6
-6
-5
-4
-3
-3
-2
-3
-3
-5
-6
-7
-7
-8
-8
-6
-5
-4
-2
-2
-1
-2
-3
-4
-4
-4
-3
-1
1
4
6
7
8
8
7
7
7
6
7
8
9
10
11
12
12
11
9
7
5
3
0
0
0
0
2
2
2
0
-1
-4
-6
-6
-7
-6
-5
-4
-2
-1
0
0
0
0
-2
-4
-5
-6
-6
-6
-3
0
1
2
1
0
-2
-4
-5
-4
-3
-1
0
1
1
0
0
0
-1
-2
-3
-4
-5
-5
-4
-3
-1
0
0
0
-2
-3
-4
-5
-4
-2
0
2
3
3
2
1
0
0
0
0
0
0
1
2
4
4
5
5
4
2
1
-1
-1
-1
0
2
3
2
0
-2
-6
-8
-9
-8
-7
-6
-4
-4
-3
-3
-3
-3
-4
-6
-7
-9
-9
-8
-6
-3
0
1
3
3
1
0
-2
-2
-1
1
4
6
8
8
8
6
4
1
0
-2
-2
-2
0
0
0
1
0
0
-2
-5
-9
-11
-12
-11
-9
-7
-5
-3
-2
-3
-3
-4
-4
-3
-2
-1
0
2
3
4
3
3
1
0
0
-2
-2
-2
-1
-1
0
0
0
-1
-3
-4
-5
-4
-4
-3
-3
-3
-3
-2
-1
0
0
0
0
1
2
3
4
4
4
6
6
6
6
6
6
7
8
10
11
10
9
7
6
5
3
2
0
-1
-2
-3
-5
-5
-7
-9
-10
-11
-12
-12
-11
-11
-12
-12
-13
-14
-14
-14
-14
-14
-14
-13
-12
-11
-10
-10
-8
-7
-7
-6
-4
-3
-3
-2
-2
-1
-1
0
0
0
0
0
0
-1
0
0
1
2
2
2
1
0
0
0
0
0
0
0
0
0
-1
-2
-2
-3
-4
-4
-3
-2
-2
-1
-2
-2
-2
-3
-3
-4
-5
-6
-7
-7
-7
-7
-6
-6
-6
-6
-7
-7
-6
-6
-5
-4
-3
-2
-1
-2
-3
-3
-3
-3
-2
-2
-2
-1
0
0
0
0
0
-1
-2
-3
-4
-4
-4
-4
-3
-3
-2
-1
-1
-1
-2
-3
-4
-5
-5
-5
-4
-2
0
0
0
1
0
-1
-4
-5
-6
-6
-5
-4
-2
-1
-1
-1
-1
-3
-4
-4
-5
-4
-2
0
3
5
6
7
6
5
3
0
-1
-1
0
0
2
3
4
4
3
0
0
-2
-3
-4
-2
-1
0
2
3
3
2
0
-2
-5
-6
-6
-5
-3
0
1
2
3
2
0
-2
-2
-2
-2
-2
-2
-1
0
0
0
-1
-2
-4
-4
-4
-3
-2
-1
0
1
2
2
1
0
0
-1
-1
0
0
0
0
-1
-2
-3
-4
-5
-4
-3
-1
0
1
2
1
1
0
0
0
1
2
3
5
6
6
5
3
2
1
0
0
1
3
6
9
10
10
10
9
7
5
3
2
3
5
7
9
10
10
9
6
2
0
-2
-2
0
2
4
5
5
4
1
-2
-5
-9
-10
-10
-10
-7
-4
-1
0
1
0
-1
-4
-7
-9
-10
-9
-6
-4
-1
0
0
0
-3
-6
-10
-11
-12
-13
-11
-9
-7
-5
-4
-4
-6
-8
-11
-13
-14
-13
-11
-9
-7
-5
-4
-4
-6
-8
-10
-10
-10
-9
-8
-7
-5
-3
-3
-3
-3
-4
-6
-8
-10
-11
-12
-10
-8
-6
-5
-6
-7
-9
-11
-13
-14
-14
-14
-13
-12
-11
-11
-11
-12
-13
-14
-16
-17
-17
-17
-17
-16
-14
-12
-10
-9
-8
-9
-9
-10
-10
-9
-8
-7
-7
-5
-6
-6
-7
-9
-11
-12
-13
-13
-12
-11
-11
-9
-7
-6
-5
-6
-7
-9
-10
-11
-11
-11
-11
-10
-9
-9
-9
-11
-12
-13
-12
-11
-8
-5
-3
-2
-1
0
1
2
2
2
2
2
2
3
4
5
6
6
4
2
1
0
-1
-1
-1
-1
0
-1
-2
-4
-7
-10
-11
-12
-12
-11
-9
-7
-6
-5
-5
-6
-7
-7
-6
-5
-2
0
1
2
2
1
0
-1
-2
-4
-5
-5
-3
-1
0
2
3
3
1
-1
-5
-7
-8
-7
-5
-2
0
0
1
0
-1
-4
-5
-7
-6
-4
-2
0
3
5
7
8
7
5
4
3
1
2
3
6
8
10
11
10
7
4
2
0
0
0
1
2
3
3
2
1
0
-2
-4
-5
-7
-7
-7
-6
-4
-3
-2
-1
-1
-1
-3
-3
-3
-2
0
1
3
4
4
4
3
2
0
0
-1
-1
-1
0
0
0
1
2
2
3
2
1
1
1
2
2
3
3
2
1
0
-1
-3
-4
-4
-4
-4
-3
-2
-2
-1
-1
-1
-3
-4
-5
-6
-6
-6
-6
-5
-6
-6
-6
-7
-8
-8
-8
-7
-6
-5
-4
-3
-2
-2
-2
-3
-4
-5
-6
-6
-5
-4
-1
-1
-1
-1
-1
-2
-3
-3
-3
-3
-2
-1
0
1
1
1
1
0
0
0
-1
-2
-1
-1
0
2
2
3
2
1
0
0
-1
-1
-1
0
0
0
0
-1
-3
-5
-5
-5
-5
-5
-6
-5
-6
-6
-6
-6
-6
-7
-7
-8
-9
-10
-8
-8
-8
-8
-8
-8
-9
-10
-11
-11
-11
-10
-10
-9
-8
-9
-9
-10
-11
-11
-12
-13
-13
-13
-12
-12
-11
-11
-11
-11
-11
-11
-12
-12
-12
-12
-11
-10
-10
-9
-9
-10
-11
-12
-14
-16
-16
-17
-16
-16
-15
-13
-12
-12
-13
-13
-14
-14
-14
-14
-14
-12
-10
-9
-8
-9
-9
-11
-12
-13
-13
-14
-13
-12
-11
-10
-10
-10
-11
-12
-13
-13
-14
-14
-12
-9
-7
-5
-5
-6
-9
-11
-13
-14
-13
-10
-8
-5
-2
-1
-2
-4
-6
-9
-11
-12
-10
-8
-4
-1
1
2
1
0
-4
-9
-11
-12
-11
-6
0
4
8
10
10
6
1
-2
-5
-5
-4
-2
1
5
7
7
6
4
0
-2
-4
-4
-3
0
4
8
11
12
11
8
3
0
-1
-1
0
2
5
7
9
9
9
6
3
2
2
3
5
8
10
11
10
10
8
6
5
5
5
5
6
7
8
8
7
7
5
5
5
5
6
8
9
9
9
9
7
5
3
2
2
3
5
7
8
8
7
5
3
0
0
0
1
3
6
7
8
8
7
4
2
0
0
0
1
3
5
7
9
9
7
4
0
-1
-3
-3
-1
1
4
5
5
4
1
-1
-4
-5
-6
-5
-2
0
2
4
4
4
2
0
-1
-3
-3
-3
-1
0
3
4
5
3
1
-1
-4
-6
-6
-4
-2
0
1
3
3
2
0
-1
-2
-3
-2
-1
0
1
2
3
2
1
0
-3
-5
-7
-9
-8
-6
-4
-3
-2
-2
-5
-8
-10
-12
-13
-14
-13
-12
-10
-8
-8
-8
-9
-11
-13
-14
-14
-14
-13
-12
-11
-9
-9
-10
-11
-12
-15
-16
-16
-16
-15
-14
-13
-13
-11
-11
-11
-11
-11
-11
-11
-11
-11
-10
-9
-9
-9
-9
-11
-12
-14
-16
-18
-17
-16
-16
-15
-16
-15
-15
-15
-15
-14
-14
-13
-13
-13
-12
-11
-11
-12
-12
-13
-14
-15
-16
-16
-15
-15
-13
-12
-12
-11
-12
-12
-11
-11
-10
-9
-8
-8
-8
-9
-9
-10
-10
-10
-11
-12
-13
-13
-13
-14
-14
-13
-13
-13
-14
-15
-16
-17
-17
-17
-15
-15
-14
-13
-13
-13
-13
-12
-11
-11
-11
-12
-11
-10
-9
-7
-6
-6
-5
-6
-6
-8
-9
-10
-10
-9
-9
-8
-9
-10
-10
-10
-9
-8
-7
-7
-6
-7
-7
-5
-4
-3
-3
-3
-4
-5
-5
-5
-5
-3
-2
-1
0
0
0
-1
-2
-1
0
0
1
0
0
0
0
1
1
1
1
2
3
3
4
6
7
9
10
10
10
9
8
7
7
8
9
9
9
8
7
6
5
5
5
5
5
5
6
7
7
7
7
6
5
3
2
2
2
2
3
4
4
5
4
2
1
2
2
4
5
6
6
6
6
5
5
5
5
5
4
4
4
3
3
4
4
4
3
3
3
3
5
7
9
10
11
11
9
8
8
7
8
9
9
9
9
8
7
6
5
4
4
4
5
6
6
7
8
9
9
9
9
8
7
6
6
6
7
7
7
7
5
4
4
3
3
4
5
6
7
7
8
7
6
5
3
2
2
1
1
1
1
0
0
0
0
0
-1
0
0
0
0
0
0
0
-1
-1
-1
-2
-3
-3
-3
-2
-2
-2
-2
-3
-4
-5
-4
-5
-5
-5
-4
-4
-4
-4
-5
-7
-8
-9
-9
-8
-7
-6
-5
-6
-7
-8
-9
-10
-11
-11
-11
-10
-10
-9
-8
-9
-9
-10
-11
-11
-12
-13
-12
-11
-10
-9
-8
-8
-9
-10
-13
-15
-15
-15
-14
-13
-12
-13
-14
-16
-17
-19
-21
-22
-22
-21
-19
-18
-17
-17
-17
-18
-18
-18
-19
-19
-18
-17
-16
-15
-14
-13
-13
-13
-14
-15
-15
-15
-13
-12
-10
-8
-7
-8
-8
-9
-11
-12
-13
-13
-13
-12
-11
-10
-10
-10
-10
-11
-13
-13
-14
-14
-13
-11
-10
-9
-9
-8
-9
-9
-10
-9
-9
-7
-6
-5
-4
-4
-3
-3
-3
-3
-2
-1
0
0
1
2
3
4
4
3
2
1
1
0
1
2
3
3
2
2
1
1
-1
-2
-3
-3
-2
0
1
2
2
2
1
0
-2
-3
-4
-4
-4
-2
0
1
2
2
1
0
0
-2
-3
-3
-2
0
1
4
5
6
5
4
1
0
-2
-3
-3
-1
0
1
2
2
2
1
0
-1
-2
-3
-3
-2
0
0
2
3
3
2
0
0
-1
-2
-1
0
1
3
4
4
3
2
1
1
1
1
2
3
3
3
4
5
6
5
5
6
5
5
5
6
7
7
8
8
7
6
5
5
5
6
7
8
8
7
6
4
4
5
6
7
7
7
7
6
6
6
5
6
6
5
5
5
6
6
7
7
7
5
3
1
1
1
3
5
5
5
4
2
0
0
0
0
0
1
2
2
2
1
1
1
1
2
3
3
2
1
1
2
3
2
1
0
-1
-1
-1
0
0
1
2
2
1
0
0
-1
-1
-1
0
1
2
1
0
0
-1
-3
-3
-4
-3
-2
-1
0
0
0
1
1
0
-1
-3
-5
-5
-5
-5
-3
-2
-1
-2
-3
-6
-9
-10
-11
-11
-10
-9
-8
-8
-7
-7
-7
-8
-8
-8
-9
-9
-9
-9
-8
-6
-5
-5
-6
-8
-10
-11
-12
-12
-12
-10
-9
-9
-10
-11
-12
-13
-13
-13
-14
-14
-14
-14
-14
-14
-13
-12
-12
-12
-13
-13
-14
-14
-12
-11
-10
-8
-8
-8
-9
-10
-10
-10
-9
-9
-9
-8
-7
-8
-8
-7
-7
-8
-9
-10
-10
-11
-11
-11
-11
-10
-10
-9
-8
-7
-8
-8
-8
-8
-8
-8
-9
-9
-10
-10
-9
-9
-8
-9
-10
-11
-11
-12
-13
-13
-13
-13
-12
-11
-10
-11
-11
-10
-11
-12
-12
-13
-13
-12
-11
-9
-8
-7
-7
-8
-8
-9
-10
-10
-10
-9
-7
-6
-5
-4
-4
-5
-5
-6
-7
-7
-8
-7
-6
-6
-5
-5
-4
-4
-3
-4
-4
-4
-4
-2
-1
0
1
2
2
3
3
2
2
3
3
3
3
3
2
1
1
2
2
3
3
4
5
5
5
4
3
2
0
0
0
0
1
2
4
4
3
3
2
1
0
0
1
3
4
6
7
8
8
8
7
5
4
4
4
4
6
7
8
8
8
7
5
4
2
1
2
2
3
4
5
5
5
5
3
2
2
1
1
1
1
2
2
3
3
2
2
1
1
0
0
0
0
0
0
-1
-1
0
0
0
0
0
0
0
0
0
-1
0
0
0
1
1
1
2
2
2
1
1
0
0
-1
-1
0
1
2
3
4
4
3
1
0
-1
-1
-1
0
1
3
3
3
2
1
0
-1
-1
-2
-1
0
0
2
3
4
4
4
1
0
-2
-4
-4
-3
-1
0
1
0
0
0
-3
-5
-7
-7
-7
-5
-3
-2
0
1
0
0
0
-1
-3
-4
-4
-3
-2
0
1
3
3
2
0
-1
-3
-4
-3
-2
0
2
3
3
2
0
-1
-2
-4
-4
-4
-4
-3
-2
0
0
0
-1
-2
-4
-5
-6
-5
-4
-2
-1
-1
-2
-3
-4
-6
-8
-9
-10
-10
-9
-8
-7
-6
-5
-4
-4
-5
-7
-8
-9
-9
-8
-7
-6
-5
-5
-5
-6
-7
-7
-8
-8
-9
-9
-9
-9
-9
-8
-8
-8
-8
-9
-10
-11
-11
-11
-10
-9
-8
-8
-8
-7
-6
-7
-7
-8
-7
-7
-7
-6
-5
-4
-4
-4
-4
-5
-5
-6
-7
-8
-8
-8
-8
-8
-8
-9
-8
-9
-10
-11
-11
-11
-11
-11
-10
-10
-10
-9
-9
-8
-7
-7
-7
-6
-6
-6
-5
-4
-3
-2
-1
0
0
0
-1
-2
-2
-2
-2
-2
-1
0
0
0
-1
-1
-2
-3
-3
-3
-3
-2
-2
-3
-2
-2
-3
-3
-3
-3
-4
-5
-5
-4
-3
-2
-2
-2
-2
-2
-3
-3
-3
-3
-2
-1
-1
-1
-1
-1
-1
-2
-2
-2
-1
0
0
1
2
2
1
1
1
1
1
2
2
3
4
4
4
3
2
1
0
-1
-2
-2
-1
0
1
2
4
4
3
2
1
1
1
2
5
7
10
11
12
12
11
10
9
8
8
8
10
11
13
14
15
15
14
12
10
8
6
6
6
7
8
9
9
9
7
5
3
2
1
1
2
3
5
6
8
7
7
5
2
0
0
-2
-2
-1
0
1
2
2
1
0
-1
-3
-4
-5
-5
-5
-5
-4
-3
-2
-1
-1
-2
-3
-4
-6
-7
-6
-5
-3
-1
0
0
0
0
0
-1
-3
-4
-3
-3
-3
-1
0
0
1
0
0
-3
-4
-6
-7
-8
-7
-6
-4
-3
