Stats for: Phonemes/i.wav

.Wav file header data:
riffMagicNumber: RIFF$b
riffChunkSize: 25124

formatMagicNum: WAVEfmt 
formatChunkMagicNum: fmt 
formatChunkSize: 16
audioFormat (1 = PCM): 1
numChannels: 1
samplingRate: 44100
bytesPerSec: 88200
bytesPerBlock: 2
bitsPerSample: 16

dataChunkMagicNum: data
dataChunkSize: 25088
Samples (scaled to 8 bit signed values):
-10
-11
-10
-10
-9
-9
-10
-10
-9
-9
-10
-10
-10
-9
-8
-8
-8
-8
-7
-7
-7
-7
-7
-7
-7
-6
-6
-6
-6
-6
-6
-6
-6
-6
-6
-6
-7
-6
-6
-7
-7
-7
-6
-7
-7
-7
-7
-7
-6
-7
-7
-6
-6
-6
-6
-6
-6
-6
-5
-5
-5
-5
-4
-3
-3
-3
-3
-4
-4
-5
-5
-5
-5
-5
-5
-5
-5
-5
-5
-6
-7
-7
-7
-8
-8
-8
-8
-9
-9
-9
-9
-9
-9
-9
-9
-9
-9
-9
-9
-9
-9
-9
-8
-8
-7
-7
-6
-7
-7
-6
-6
-6
-6
-6
-6
-6
-6
-6
-6
-6
-6
-6
-6
-6
-7
-7
-7
-8
-8
-8
-9
-9
-9
-10
-10
-10
-10
-11
-11
-11
-11
-11
-11
-11
-11
-11
-10
-9
-9
-9
-9
-9
-9
-8
-8
-7
-7
-7
-7
-7
-6
-7
-6
-6
-7
-6
-6
-6
-6
-6
-6
-6
-7
-7
-7
-7
-8
-8
-8
-8
-8
-9
-9
-10
-9
-9
-10
-10
-10
-11
-11
-11
-11
-11
-11
-11
-11
-11
-11
-10
-10
-10
-10
-10
-10
-10
-10
-10
-10
-9
-9
-10
-10
-10
-10
-10
-9
-9
-9
-9
-8
-8
-8
-8
-8
-8
-8
-8
-8
-7
-7
-7
-8
-8
-8
-8
-8
-8
-8
-7
-7
-7
-8
-8
-7
-7
-7
-6
-7
-6
-6
-6
-6
-6
-6
-5
-5
-5
-6
-6
-6
-6
-6
-6
-5
-5
-5
-6
-6
-7
-6
-6
-6
-5
-6
-6
-5
-6
-6
-6
-6
-6
-7
-7
-7
-7
-7
-7
-6
-7
-6
-7
-7
-7
-8
-8
-8
-7
-7
-7
-7
-8
-8
-8
-8
-8
-8
-8
-8
-8
-9
-9
-9
-9
-8
-8
-9
-9
-9
-9
-9
-9
-9
-9
-8
-9
-8
-8
-8
-8
-8
-8
-8
-7
-7
-7
-7
-6
-6
-6
-6
-7
-7
-6
-6
-6
-5
-5
-6
-7
-7
-7
-8
-8
-7
-8
-8
-8
-8
-8
-7
-7
-8
-7
-8
-8
-8
-8
-8
-8
-8
-8
-8
-9
-8
-8
-7
-7
-7
-6
-6
-6
-7
-6
-6
-6
-6
-5
-5
-5
-5
-5
-5
-5
-5
-4
-5
-5
-5
-5
-6
-6
-6
-6
-6
-6
-7
-7
-6
-6
-6
-6
-6
-6
-7
-7
-7
-7
-6
-7
-7
-8
-8
-7
-6
-6
-6
-6
-7
-7
-7
-6
-6
-6
-5
-4
-4
-5
-4
-4
-4
-5
-5
-4
-4
-4
-4
-4
-4
-3
-4
-4
-4
-4
-4
-4
-3
-4
-4
-4
-5
-4
-4
-4
-4
-4
-4
-5
-5
-5
-4
-4
-4
-4
-5
-5
-5
-5
-4
-5
-4
-4
-5
-5
-6
-5
-5
-6
-6
-5
-6
-6
-5
-5
-5
-6
-6
-5
-5
-5
-5
-5
-6
-5
-5
-5
-6
-6
-5
-6
-5
-5
-5
-5
-6
-6
-6
-6
-6
-7
-7
-6
-6
-6
-6
-6
-6
-6
-5
-5
-5
-5
-6
-6
-6
-6
-6
-5
-5
-5
-5
-5
-4
-5
-5
-4
-4
-4
-5
-5
-5
-5
-5
-5
-5
-5
-4
-5
-5
-5
-5
-5
-5
-5
-5
-6
-6
-7
-7
-7
-8
-8
-8
-9
-9
-9
-9
-9
-9
-9
-9
-9
-9
-10
-10
-11
-11
-11
-11
-11
-11
-11
-11
-11
-11
-12
-10
-10
-11
-11
-10
-10
-10
-10
-10
-9
-9
-10
-10
-10
-10
-10
-10
-9
-9
-8
-8
-8
-8
-8
-9
-9
-8
-7
-7
-7
-6
-6
-6
-7
-7
-6
-6
-5
-5
-5
-5
-4
-4
-4
-4
-4
-5
-5
-4
-4
-5
-5
-5
-4
-4
-5
-5
-5
-5
-4
-4
-4
-4
-4
-4
-5
-4
-5
-5
-4
-4
-4
-5
-4
-4
-4
-4
-3
-3
-3
-3
-3
-3
-3
-3
-3
-3
-3
-3
-3
-3
-4
-4
-3
-3
-4
-5
-5
-5
-6
-6
-7
-6
-6
-6
-7
-7
-7
-8
-8
-8
-9
-9
-8
-8
-8
-8
-8
-8
-8
-8
-8
-7
-7
-7
-7
-6
-6
-6
-5
-6
-5
-5
-6
-6
-5
-6
-6
-5
-5
-5
-5
-5
-5
-5
-5
-4
-4
-4
-4
-4
-4
-5
-5
-5
-6
-6
-6
-6
-5
-5
-5
-5
-5
-6
-6
-6
-6
-6
-6
-6
-6
-6
-6
-6
-7
-7
-8
-8
-7
-7
-6
-6
-6
-6
-5
-5
-6
-6
-6
-6
-6
-6
-5
-6
-5
-5
-5
-5
-6
-6
-6
-6
-7
-7
-7
-7
-6
-7
-7
-7
-7
-7
-7
-7
-7
-7
-7
-7
-7
-7
-7
-7
-7
-6
-6
-6
-6
-6
-6
-5
-6
-5
-5
-4
-4
-4
-5
-4
-3
-3
-3
-3
-3
-3
-3
-4
-4
-4
-4
-4
-4
-3
-3
-4
-4
-4
-4
-3
-3
-3
-3
-4
-4
-5
-5
-5
-5
-5
-5
-5
-5
-4
-4
-4
-3
-4
-3
-4
-4
-4
-4
-4
-4
-4
-5
-4
-5
-4
-5
-5
-5
-5
-6
-6
-5
-6
-6
-6
-6
-6
-7
-6
-7
-7
-7
-7
-7
-8
-8
-8
-8
-8
-7
-7
-7
-6
-5
-5
-6
-6
-6
-5
-5
-5
-5
-4
-4
-4
-4
-4
-4
-4
-3
-4
-5
-5
-5
-4
-5
-5
-5
-5
-5
-5
-5
-5
-6
-6
-6
-6
-6
-6
-6
-6
-6
-6
-6
-6
-7
-7
-6
-6
-6
-6
-6
-6
-6
-6
-6
-6
-6
-6
-6
-6
-7
-7
-8
-8
-7
-8
-7
-7
-8
-8
-8
-8
-8
-8
-9
-9
-9
-9
-10
-9
-9
-9
-9
-9
-10
-10
-9
-8
-7
-7
-7
-7
-7
-7
-7
-7
-7
-6
-5
-5
-5
-6
-7
-7
-7
-6
-6
-5
-5
-5
-5
-5
-5
-5
-5
-5
-5
-6
-6
-6
-6
-6
-6
-6
-5
-5
-5
-5
-6
-6
-7
-7
-7
-7
-6
-6
-6
-6
-5
-6
-7
-6
-5
-5
-5
-5
-5
-5
-5
-6
-5
-5
-5
-5
-6
-6
-6
-6
-6
-5
-4
-5
-5
-6
-7
-7
-7
-7
-7
-6
-5
-6
-7
-8
-8
-9
-9
-8
-7
-6
-6
-7
-7
-8
-8
-8
-7
-7
-7
-7
-7
-7
-6
-6
-7
-6
-6
-7
-8
-9
-10
-9
-8
-6
-5
-6
-8
-8
-9
-10
-9
-9
-8
-9
-9
-8
-8
-7
-7
-8
-9
-9
-7
-7
-7
-8
-7
-6
-4
-4
-4
-4
-5
-6
-7
-8
-7
-6
-4
-3
-3
-5
-7
-8
-9
-9
-9
-9
-8
-7
-7
-8
-9
-9
-8
-8
-9
-9
-8
-7
-7
-7
-7
-6
-5
-5
-6
-6
-6
-6
-5
-5
-4
-3
-2
0
0
1
0
-2
-4
-3
0
1
5
8
9
7
2
-1
-3
-2
1
6
10
11
9
6
4
3
4
6
8
7
7
5
4
5
8
13
15
13
8
3
0
-1
1
6
12
15
16
13
9
5
0
-1
0
1
3
4
5
5
3
2
0
-1
-3
-5
-8
-10
-10
-7
-4
-1
-1
-4
-10
-17
-23
-26
-25
-21
-15
-12
-12
-14
-19
-23
-27
-28
-29
-29
-29
-30
-30
-29
-28
-27
-25
-26
-28
-33
-37
-39
-39
-35
-31
-26
-23
-23
-25
-29
-34
-37
-37
-34
-29
-25
-21
-20
-21
-22
-23
-24
-23
-21
-20
-20
-20
-19
-17
-14
-10
-8
-8
-9
-11
-15
-16
-17
-15
-11
-6
-2
-2
-5
-8
-10
-12
-12
-10
-8
-5
-3
-3
-3
-2
-2
-2
-1
-1
-2
-5
-7
-7
-4
0
2
5
5
4
2
0
-2
-3
-1
1
3
5
7
7
7
6
5
4
2
3
3
4
5
7
9
12
14
14
13
10
9
7
6
6
8
10
13
15
16
16
13
11
9
7
6
6
8
10
13
14
14
13
10
8
4
1
0
0
3
7
9
10
9
6
4
2
0
-1
-3
-3
0
1
2
3
1
0
0
-2
-5
-9
-12
-13
-11
-8
-5
-4
-4
-6
-10
-14
-17
-18
-17
-16
-13
-11
-9
-9
-10
-11
-14
-15
-16
-16
-15
-14
-13
-12
-11
-9
-7
-7
-9
-11
-13
-14
-14
-12
-9
-4
-2
-1
-2
-4
-5
-6
-6
-5
-5
-3
-2
0
1
2
3
1
0
-1
-1
-1
0
2
4
5
5
5
5
5
5
4
2
1
0
1
4
5
5
5
5
5
3
1
0
-2
-2
-1
-1
-1
-2
-2
-3
-5
-8
-9
-10
-10
-11
-12
-13
-12
-12
-11
-11
-12
-15
-17
-19
-20
-20
-20
-19
-19
-19
-20
-20
-21
-20
-20
-21
-22
-24
-25
-24
-23
-22
-21
-21
-22
-23
-24
-25
-26
-27
-28
-28
-26
-26
-25
-24
-23
-24
-24
-24
-23
-22
-23
-25
-26
-25
-22
-19
-18
-17
-18
-17
-18
-19
-19
-18
-15
-11
-8
-7
-6
-6
-6
-6
-5
-4
-3
-2
0
-1
-2
0
2
6
11
13
13
9
5
3
5
8
12
15
18
18
18
15
13
11
11
13
17
21
22
21
20
19
20
21
23
23
20
15
11
10
13
17
22
25
24
21
16
11
7
5
6
8
10
11
10
8
6
3
0
-2
-5
-7
-7
-7
-7
-7
-8
-7
-8
-10
-14
-19
-24
-27
-27
-25
-21
-18
-16
-16
-18
-24
-29
-31
-31
-29
-26
-25
-25
-24
-24
-23
-23
-24
-25
-26
-27
-27
-27
-26
-23
-20
-17
-16
-17
-19
-21
-23
-24
-23
-20
-15
-10
-5
-4
-5
-8
-10
-9
-7
-4
-2
0
1
4
7
9
10
11
11
11
11
10
10
12
16
19
21
22
23
22
20
17
16
16
17
20
22
23
23
20
18
16
16
16
15
15
14
13
13
13
13
12
10
9
8
4
1
0
-1
0
0
0
-1
-3
-6
-10
-12
-13
-14
-14
-15
-17
-19
-20
-22
-24
-26
-27
-27
-28
-29
-30
-32
-34
-35
-35
-35
-35
-37
-38
-40
-41
-40
-40
-40
-41
-41
-43
-47
-49
-49
-46
-43
-43
-45
-49
-53
-55
-57
-60
-63
-64
-61
-57
-52
-44
-31
-16
-5
-8
-30
-65
-90
-91
-70
-45
-24
-4
10
10
-10
-42
-66
-69
-51
-24
1
14
14
9
5
4
5
4
-2
-16
-37
-55
-59
-38
4
54
91
105
91
55
11
-29
-53
-52
-22
25
75
111
121
105
72
30
-7
-29
-29
-5
34
76
108
121
117
99
72
39
4
-26
-42
-37
-11
27
68
101
113
101
62
7
-47
-85
-93
-68
-22
29
70
88
81
48
-2
-58
-101
-119
-111
-80
-37
3
33
45
35
4
-42
-90
-125
-127
-123
-92
-51
-12
16
25
9
-30
-80
-126
-127
-126
-127
-98
-50
-6
19
20
-4
-44
-86
-119
-127
-126
-102
-68
-32
-3
11
8
-9
-37
-64
-85
-94
-84
-55
-16
20
45
52
41
17
-10
-32
-43
-42
-28
-5
22
49
67
74
66
50
30
11
0
2
16
40
65
81
87
84
72
57
43
35
33
37
46
57
70
80
84
81
70
55
43
37
38
46
57
65
67
63
55
48
43
40
38
36
36
36
34
31
28
28
29
30
28
24
18
12
9
6
4
1
-2
-4
-2
1
1
1
1
0
0
-1
-5
-9
-11
-13
-18
-24
-28
-26
-18
-6
2
2
-6
-21
-36
-42
-36
-20
0
13
18
11
-6
-25
-38
-41
-36
-25
-12
-2
0
0
-1
-1
0
2
1
-2
-11
-21
-27
-25
-14
1
15
21
17
2
-16
-33
-40
-33
-16
4
21
27
21
7
-10
-25
-33
-34
-28
-20
-10
-3
-1
-4
-7
-11
-14
-16
-20
-26
-32
-36
-35
-30
-20
-10
-1
-1
-12
-29
-46
-56
-56
-48
-33
-19
-11
-9
-13
-24
-37
-49
-55
-53
-45
-34
-23
-16
-14
-17
-24
-31
-38
-41
-42
-42
-41
-38
-33
-24
-13
-5
-4
-11
-22
-33
-38
-36
-27
-15
-5
-1
-3
-9
-17
-23
-24
-24
-21
-16
-11
-3
2
4
3
-1
-7
-11
-14
-16
-15
-15
-14
-13
-11
-8
-5
-3
-3
-7
-11
-15
-18
-17
-14
-8
-2
0
-1
-7
-16
-24
-29
-26
-17
-3
5
6
0
-8
-16
-19
-18
-13
-7
-2
0
-1
-4
-9
-11
-12
-9
-6
-4
-4
-5
-6
-6
-4
-2
0
1
0
-3
-7
-11
-10
-7
0
7
12
13
8
0
-9
-14
-13
-5
4
12
17
18
14
7
0
-5
-5
-1
4
9
11
11
9
7
7
6
5
4
3
2
3
6
9
13
14
12
9
3
-2
-7
-8
-6
-1
4
9
12
12
10
5
1
-4
-8
-8
-5
0
5
7
6
1
-5
-11
-16
-16
-12
-8
-5
-4
-4
-5
-6
-8
-12
-17
-22
-26
-28
-27
-23
-21
-19
-18
-19
-20
-22
-24
-27
-29
-31
-30
-26
-23
-20
-19
-20
-23
-26
-29
-30
-27
-23
-18
-15
-13
-13
-13
-14
-13
-10
-6
-1
0
0
-1
-5
-6
-2
5
12
19
21
20
15
12
11
14
21
29
36
40
39
37
34
33
36
40
45
47
48
46
43
40
39
43
49
55
59
58
52
44
38
34
35
40
46
49
48
41
32
23
18
16
18
21
22
21
18
14
10
8
5
3
0
-6
-12
-16
-18
-18
-16
-15
-14
-16
-20
-26
-33
-39
-42
-41
-37
-32
-30
-31
-36
-42
-47
-50
-48
-47
-46
-47
-47
-47
-46
-44
-43
-42
-42
-44
-47
-49
-51
-52
-49
-45
-39
-34
-32
-34
-38
-43
-46
-45
-41
-34
-29
-27
-27
-28
-29
-28
-24
-21
-20
-21
-22
-22
-21
-18
-13
-7
-4
-3
-5
-6
-6
-6
-6
-6
-3
0
4
6
7
6
3
0
-1
-1
0
0
0
0
0
0
1
1
0
0
-1
-4
-10
-14
-14
-13
-11
-11
-12
-13
-14
-15
-19
-23
-28
-30
-28
-26
-23
-21
-21
-23
-27
-32
-38
-44
-46
-47
-45
-44
-41
-40
-42
-46
-52
-57
-61
-63
-63
-62
-61
-57
-50
-40
-34
-39
-54
-68
-75
-74
-73
-71
-64
-50
-36
-31
-37
-51
-62
-65
-58
-46
-38
-33
-32
-30
-26
-20
-16
-12
-12
-19
-30
-40
-42
-33
-15
7
27
39
42
36
25
11
-1
-6
0
15
34
53
66
69
64
52
38
28
25
32
45
60
72
78
82
84
83
76
64
50
38
32
32
40
53
67
79
84
79
65
45
25
13
9
13
23
37
49
57
54
41
21
0
-15
-23
-23
-18
-10
0
11
16
14
4
-11
-27
-41
-50
-53
-48
-36
-22
-9
-4
-9
-21
-37
-53
-64
-70
-68
-58
-43
-28
-16
-11
-13
-21
-32
-45
-55
-60
-57
-47
-34
-19
-5
2
3
-3
-16
-30
-37
-35
-25
-7
9
23
30
31
26
19
11
5
4
7
14
26
38
48
56
61
60
56
49
42
37
37
44
56
69
79
83
84
80
73
62
54
51
56
66
77
86
89
86
79
71
64
61
62
64
65
64
61
58
58
59
57
55
50
44
37
31
27
28
30
33
34
33
28
20
11
2
-3
-6
-6
-4
-2
-3
-5
-11
-17
-21
-24
-25
-26
-27
-28
-28
-28
-31
-36
-44
-49
-50
-49
-45
-41
-39
-39
-42
-46
-50
-52
-51
-46
-41
-39
-39
-43
-46
-47
-46
-45
-44
-44
-44
-43
-41
-36
-30
-25
-22
-22
-25
-30
-35
-39
-38
-34
-27
-20
-15
-14
-16
-20
-24
-27
-28
-25
-21
-16
-12
-8
-7
-8
-10
-14
-18
-21
-22
-22
-21
-20
-18
-13
-9
-7
-8
-11
-16
-22
-29
-33
-33
-27
-18
-10
-6
-8
-16
-26
-36
-43
-45
-42
-35
-29
-24
-22
-24
-28
-34
-38
-43
-47
-48
-45
-40
-35
-33
-33
-33
-36
-41
-48
-53
-56
-56
-52
-44
-37
-33
-33
-38
-43
-48
-51
-53
-54
-52
-51
-51
-52
-52
-51
-48
-47
-48
-51
-48
-43
-39
-40
-42
-41
-37
-36
-39
-42
-42
-41
-39
-39
-40
-38
-35
-28
-21
-15
-13
-14
-17
-19
-17
-12
-4
1
2
-1
-10
-16
-16
-10
1
13
23
29
31
30
28
24
21
21
25
33
41
48
52
53
50
45
41
38
38
43
50
57
61
64
66
67
67
64
58
51
44
40
40
44
50
56
59
57
52
43
34
26
23
25
29
36
42
45
45
40
30
18
8
3
3
4
5
7
8
9
10
8
5
0
-5
-11
-14
-15
-12
-7
-2
1
0
-6
-14
-23
-29
-31
-29
-24
-16
-7
0
3
1
-1
-6
-10
-11
-8
-4
-1
0
2
6
9
12
14
14
14
14
16
19
24
30
38
47
52
51
44
36
33
36
39
42
48
57
63
65
62
58
54
53
57
63
67
66
64
63
65
67
69
70
68
63
56
50
49
52
57
59
58
56
52
48
43
38
33
30
29
30
31
30
27
20
12
5
0
-1
-3
-6
-8
-9
-11
-12
-14
-15
-18
-24
-32
-39
-41
-41
-41
-41
-45
-51
-54
-56
-55
-55
-56
-58
-60
-62
-64
-64
-62
-60
-60
-62
-67
-74
-78
-80
-78
-73
-69
-65
-64
-63
-64
-67
-69
-68
-65
-61
-58
-58
-59
-60
-61
-62
-61
-59
-55
-51
-48
-46
-46
-45
-42
-39
-36
-36
-38
-41
-43
-41
-39
-37
-36
-37
-37
-37
-36
-36
-37
-39
-39
-38
-35
-34
-33
-35
-37
-40
-44
-48
-50
-49
-48
-50
-53
-55
-57
-58
-59
-63
-68
-71
-67
-55
-38
-27
-27
-40
-60
-77
-86
-84
-75
-61
-46
-37
-35
-42
-53
-60
-60
-52
-40
-28
-23
-23
-26
-26
-22
-14
-5
-3
-9
-25
-42
-52
-50
-33
-6
23
47
59
57
42
20
0
-9
-6
8
28
46
57
60
55
46
36
27
24
27
36
45
54
62
70
77
78
72
58
40
21
8
2
6
18
34
49
56
54
41
23
6
-4
-8
-6
-2
5
12
18
19
15
5
-7
-19
-30
-36
-39
-36
-28
-17
-7
-1
0
-7
-19
-32
-44
-50
-46
-36
-24
-13
-9
-11
-17
-26
-33
-38
-40
-39
-36
-29
-22
-12
-3
4
8
8
4
-1
-8
-12
-12
-8
0
10
20
28
31
29
26
25
26
33
42
50
57
60
60
59
60
65
69
70
68
64
59
57
63
74
85
92
94
93
90
86
80
78
79
83
85
83
81
79
79
79
78
77
77
80
81
77
69
60
54
55
61
67
72
71
64
54
43
33
27
26
29
35
39
40
38
32
25
18
11
6
3
2
3
4
2
0
-1
-3
-7
-13
-18
-22
-24
-24
-23
-22
-21
-19
-17
-18
-19
-22
-25
-29
-35
-40
-44
-43
-36
-26
-17
-14
-19
-26
-34
-37
-35
-31
-25
-19
-15
-15
-18
-24
-29
-31
-30
-29
-29
-29
-28
-25
-21
-15
-11
-8
-9
-14
-21
-29
-35
-37
-34
-26
-19
-15
-19
-25
-31
-36
-37
-35
-31
-28
-27
-29
-32
-35
-37
-38
-39
-40
-44
-48
-52
-56
-59
-60
-58
-54
-50
-48
-51
-58
-67
-74
-79
-79
-76
-70
-66
-68
-74
-80
-86
-89
-92
-93
-93
-91
-92
-94
-96
-96
-94
-94
-95
-99
-103
-106
-104
-95
-79
-62
-54
-61
-79
-99
-108
-104
-95
-83
-72
-57
-46
-43
-50
-61
-69
-69
-58
-40
-24
-19
-26
-33
-34
-27
-17
-12
-13
-20
-29
-35
-33
-21
-2
17
33
43
45
40
30
19
8
1
2
15
35
54
65
67
62
55
49
45
44
47
53
61
68
74
79
81
81
74
59
42
29
26
34
47
58
65
67
64
56
46
34
24
17
14
14
16
19
21
24
24
20
11
0
-9
-16
-21
-24
-25
-22
-15
-7
-4
-9
-21
-35
-46
-52
-51
-47
-41
-35
-32
-30
-32
-36
-41
-44
-46
-50
-54
-54
-51
-43
-31
-21
-15
-15
-19
-26
-35
-41
-41
-35
-24
-11
0
6
8
6
2
0
2
7
14
21
27
30
30
32
38
49
58
60
57
52
50
55
64
74
83
90
94
96
94
90
85
83
86
92
99
105
108
109
109
107
106
106
106
107
108
104
98
92
89
89
92
95
96
94
89
82
76
72
69
68
68
67
65
63
59
54
47
40
34
29
27
27
26
24
19
12
6
0
-3
-5
-6
-8
-13
-20
-28
-33
-34
-31
-27
-24
-25
-31
-38
-47
-55
-61
-63
-61
-55
-48
-45
-46
-53
-62
-67
-67
-62
-56
-50
-48
-50
-56
-63
-67
-66
-60
-53
-49
-50
-55
-60
-61
-58
-52
-44
-36
-32
-32
-37
-44
-49
-52
-52
-48
-42
-36
-33
-34
-35
-36
-36
-35
-34
-32
-33
-35
-36
-37
-35
-34
-33
-31
-31
-34
-40
-45
-48
-48
-45
-43
-40
-38
-38
-41
-48
-54
-60
-62
-62
-62
-62
-62
-62
-64
-66
-69
-71
-74
-80
-85
-90
-92
-93
-94
-96
-97
-99
-97
-88
-71
-57
-62
-83
-106
-113
-108
-103
-101
-93
-75
-60
-61
-78
-97
-105
-97
-79
-60
-47
-43
-45
-47
-46
-41
-32
-25
-22
-29
-43
-58
-63
-51
-29
-4
17
32
40
37
24
7
-8
-12
-1
19
39
50
53
50
43
34
28
26
29
38
48
55
57
59
64
71
74
71
59
42
26
18
19
28
40
51
57
57
50
39
26
16
11
10
11
12
13
15
17
16
12
5
-1
-6
-12
-18
-24
-30
-32
-27
-17
-9
-7
-13
-26
-41
-54
-60
-58
-48
-34
-25
-25
-33
-42
-50
-53
-52
-51
-50
-51
-50
-46
-40
-33
-26
-21
-19
-19
-22
-27
-31
-32
-30
-22
-11
0
11
15
12
7
5
10
20
31
39
44
45
44
46
52
61
66
66
64
62
65
72
80
89
99
107
107
101
94
92
96
102
107
110
112
112
111
109
107
104
105
109
116
121
121
114
103
94
90
91
95
98
98
97
92
86
80
76
73
71
70
71
71
70
67
62
55
49
44
40
36
33
30
27
23
20
19
16
11
6
1
-1
-4
-7
-9
-11
-13
-17
-21
-23
-21
-19
-20
-27
-37
-46
-52
-52
-47
-40
-34
-31
-33
-38
-44
-47
-48
-45
-41
-37
-35
-35
-39
-45
-48
-48
-46
-44
-42
-42
-43
-43
-41
-37
-30
-24
-20
-21
-27
-35
-42
-45
-43
-38
-33
-29
-29
-33
-36
-38
-37
-35
-31
-28
-27
-29
-34
-38
-40
-40
-40
-40
-38
-38
-41
-48
-56
-60
-59
-53
-46
-41
-41
-45
-53
-62
-70
-73
-71
-65
-63
-66
-73
-81
-86
-88
-88
-86
-85
-87
-93
-99
-103
-107
-108
-108
-107
-106
-104
-101
-93
-86
-84
-92
-105
-110
-108
-105
-107
-109
-104
-92
-79
-74
-79
-88
-93
-91
-83
-70
-58
-50
-47
-48
-49
-49
-45
-39
-36
-39
-49
-58
-57
-44
-23
-3
12
21
24
23
19
11
3
0
5
16
28
40
46
49
49
46
42
41
43
49
57
64
69
73
78
81
80
74
65
53
44
41
43
49
56
62
65
63
59
54
47
40
34
28
21
17
17
20
23
23
20
13
6
0
-6
-12
-19
-24
-25
-21
-15
-12
-15
-22
-32
-42
-50
-54
-52
-48
-43
-42
-43
-45
-46
-48
-50
-53
-56
-59
-61
-60
-56
-50
-43
-37
-31
-27
-26
-29
-35
-42
-43
-39
-29
-16
-5
0
2
1
0
0
6
14
21
29
34
36
38
42
50
59
65
66
65
66
70
76
82
88
94
101
107
111
112
111
110
109
110
111
115
119
125
127
127
124
119
121
127
126
127
124
115
109
106
106
107
109
110
110
107
101
94
86
79
74
72
74
76
78
75
66
55
43
35
33
34
35
34
28
22
17
13
10
7
5
3
0
-7
-13
-19
-22
-23
-21
-19
-17
-17
-20
-27
-35
-44
-50
-48
-42
-35
-31
-31
-35
-41
-46
-47
-46
-41
-36
-32
-30
-32
-36
-40
-42
-41
-38
-34
-30
-29
-29
-31
-33
-34
-32
-27
-20
-16
-15
-19
-24
-27
-27
-25
-25
-25
-26
-26
-25
-24
-21
-18
-16
-17
-18
-22
-26
-27
-28
-27
-28
-28
-28
-26
-26
-28
-33
-39
-43
-44
-43
-40
-37
-34
-35
-40
-45
-51
-55
-58
-58
-59
-62
-64
-63
-62
-62
-65
-68
-72
-76
-79
-82
-84
-87
-90
-92
-93
-93
-93
-94
-94
-96
-101
-108
-114
-115
-111
-104
-97
-94
-93
-94
-94
-98
-107
-112
-111
-103
-94
-87
-82
-78
-76
-76
-79
-82
-82
-78
-71
-61
-55
-52
-51
-49
-45
-41
-38
-37
-37
-38
-40
-40
-34
-23
-10
1
9
10
7
3
0
1
6
14
23
32
39
42
42
40
38
38
40
43
46
52
58
64
67
67
65
63
61
60
58
55
53
52
53
54
54
54
52
49
45
41
38
35
33
32
32
28
24
20
17
16
14
12
7
0
-5
-9
-11
-11
-10
-10
-11
-14
-19
-23
-27
-30
-31
-33
-34
-35
-35
-35
-35
-36
-38
-38
-39
-40
-41
-41
-40
-38
-36
-33
-28
-23
-18
-17
-18
-21
-22
-20
-15
-8
-1
3
5
5
5
7
10
16
23
29
34
39
43
45
48
52
55
59
62
65
67
67
69
73
77
82
86
89
91
92
91
93
96
101
107
111
110
106
101
98
98
99
103
106
107
106
104
99
93
90
91
96
99
97
92
87
83
81
78
72
67
63
61
59
57
55
52
47
43
39
36
34
31
28
23
17
10
7
6
5
3
0
-2
-5
-10
-15
-19
-22
-22
-19
-17
-17
-20
-24
-30
-35
-38
-39
-39
-37
-34
-31
-31
-34
-39
-42
-43
-41
-38
-36
-35
-36
-37
-39
-41
-42
-41
-39
-38
-36
-37
-38
-38
-37
-36
-35
-34
-32
-32
-32
-33
-35
-35
-35
-34
-33
-33
-32
-32
-31
-29
-28
-28
-28
-29
-29
-31
-32
-32
-31
-29
-28
-28
-29
-32
-35
-36
-37
-36
-35
-34
-35
-36
-39
-42
-46
-48
-50
-49
-49
-50
-53
-56
-58
-59
-60
-60
-61
-62
-63
-64
-67
-73
-78
-79
-77
-74
-75
-79
-81
-82
-81
-80
-81
-83
-86
-87
-88
-90
-92
-94
-96
-97
-98
-97
-95
-95
-96
-97
-99
-97
-93
-89
-84
-80
-79
-80
-85
-90
-89
-85
-81
-79
-78
-74
-69
-64
-60
-58
-55
-52
-48
-44
-40
-35
-33
-31
-28
-25
-23
-21
-19
-17
-17
-16
-14
-7
3
13
19
21
22
21
22
24
28
32
36
39
41
42
42
43
46
49
52
54
55
58
61
64
66
65
63
61
60
58
57
54
52
50
48
45
41
38
36
36
35
34
31
29
25
22
19
14
10
7
6
6
4
0
-2
-5
-9
-11
-14
-17
-20
-21
-21
-21
-20
-20
-20
-21
-23
-26
-29
-32
-31
-29
-27
-25
-24
-24
-25
-27
-27
-27
-24
-21
-16
-13
-10
-9
-6
-4
-1
1
5
6
7
8
9
13
18
24
30
33
36
38
40
42
47
53
58
62
65
68
70
71
72
74
77
79
82
85
88
89
88
87
88
90
94
97
98
99
99
98
96
93
91
89
88
89
88
88
87
85
82
80
77
74
72
69
67
68
67
66
62
54
47
43
42
41
37
32
30
29
28
25
20
16
15
14
13
10
4
-2
-7
-11
-11
-9
-8
-9
-13
-20
-26
-29
-29
-25
-22
-21
-22
-25
-29
-34
-38
-40
-39
-37
-35
-34
-35
-37
-39
-40
-38
-36
-32
-30
-30
-31
-34
-36
-36
-34
-31
-29
-29
-31
-33
-33
-31
-28
-25
-23
-23
-23
-23
-23
-22
-20
-19
-17
-17
-19
-22
-24
-25
-24
-22
-21
-21
-21
-22
-24
-25
-26
-25
-24
-23
-23
-24
-27
-32
-35
-37
-36
-35
-37
-39
-41
-44
-47
-51
-52
-51
-50
-50
-52
-55
-57
-59
-60
-61
-63
-65
-67
-70
-73
-75
-76
-77
-77
-76
-77
-76
-78
-79
-81
-82
-82
-82
-82
-81
-80
-79
-80
-82
-84
-85
-85
-85
-86
-86
-83
-80
-75
-72
-72
-73
-75
-76
-77
-75
-72
-68
-67
-66
-66
-67
-68
-67
-64
-60
-56
-52
-50
-48
-46
-43
-39
-36
-35
-35
-34
-32
-31
-31
-32
-31
-25
-19
-15
-15
-15
-15
-12
-7
0
5
9
10
8
4
3
5
9
13
16
17
17
18
20
22
25
28
33
38
42
44
44
42
40
40
42
45
47
49
50
49
48
47
47
50
54
57
58
56
53
50
50
52
53
52
49
45
41
38
36
35
35
36
37
35
32
28
25
23
22
21
22
23
21
17
13
9
5
5
6
7
7
6
2
0
-2
0
1
3
3
1
0
0
0
0
0
1
1
0
-2
-3
-1
0
3
4
6
8
10
11
12
12
14
16
20
24
28
28
28
25
24
25
29
33
38
40
41
42
44
47
52
55
58
58
58
57
57
59
61
63
63
64
63
63
63
63
63
63
63
65
66
67
68
66
64
60
57
56
56
55
53
51
48
45
43
43
44
43
41
37
33
31
31
31
28
24
21
19
15
12
9
7
6
5
4
0
-3
-6
-6
-5
-7
-9
-12
-14
-16
-19
-23
-26
-29
-31
-31
-31
-31
-32
-34
-36
-38
-39
-41
-41
-39
-38
-37
-36
-36
-35
-36
-39
-41
-43
-44
-42
-38
-36
-34
-34
-34
-33
-33
-34
-33
-31
-29
-26
-25
-26
-27
-29
-28
-26
-24
-24
-24
-25
-26
-26
-24
-22
-19
-18
-17
-18
-21
-23
-24
-24
-23
-22
-22
-24
-26
-28
-30
-32
-33
-34
-34
-34
-34
-35
-38
-42
-45
-47
-49
-50
-51
-53
-55
-57
-60
-63
-64
-66
-67
-69
-70
-72
-73
-73
-73
-74
-76
-78
-81
-81
-81
-81
-81
-80
-80
-80
-81
-82
-82
-80
-78
-76
-76
-75
-73
-71
-69
-68
-66
-64
-62
-59
-57
-55
-54
-53
-52
-49
-46
-42
-37
-33
-31
-29
-27
-25
-24
-23
-20
-16
-14
-13
-14
-12
-10
-7
-5
-5
-4
-4
-4
-2
1
3
4
4
3
2
2
2
2
2
1
0
-1
-1
0
2
4
4
3
1
0
-1
-1
-1
-2
-1
0
1
1
0
-2
-5
-6
-4
-2
0
1
3
3
3
0
0
0
1
4
4
6
7
7
7
8
10
12
15
17
19
19
18
19
21
25
29
33
34
34
35
35
36
38
41
44
47
49
50
51
51
52
54
56
58
59
59
60
60
60
60
61
62
63
64
65
65
63
63
62
61
61
62
62
62
60
59
57
56
56
55
54
52
50
47
44
43
43
43
42
42
41
38
36
32
30
30
29
28
28
27
25
22
20
18
17
16
15
15
15
13
12
13
13
12
11
10
9
6
3
2
3
4
5
6
7
5
3
1
1
1
3
5
6
5
4
3
2
3
4
6
8
8
7
5
4
6
7
9
11
13
14
14
12
9
7
5
6
9
14
17
18
16
10
6
2
2
3
6
9
11
10
8
3
0
0
0
1
2
1
0
-3
-6
-7
-7
-8
-8
-9
-10
-13
-15
-16
-18
-18
-18
-19
-18
-18
-20
-24
-28
-29
-26
-22
-20
-25
-33
-38
-35
-30
-28
-30
-31
-29
-28
-30
-36
-41
-41
-36
-28
-25
-28
-36
-43
-45
-42
-35
-29
-27
-32
-40
-47
-48
-43
-36
-31
-30
-32
-36
-39
-40
-41
-42
-43
-42
-38
-33
-32
-35
-40
-44
-45
-43
-40
-37
-36
-38
-39
-41
-40
-39
-37
-37
-40
-45
-49
-50
-47
-43
-41
-41
-45
-49
-50
-50
-48
-47
-46
-45
-45
-48
-51
-53
-52
-49
-46
-43
-42
-42
-43
-45
-45
-43
-40
-36
-33
-31
-30
-31
-32
-31
-29
-26
-24
-23
-23
-24
-23
-22
-19
-17
-14
-12
-13
-14
-14
-15
-16
-14
-11
-7
-3
-2
-2
-4
-5
-5
-3
0
1
1
1
2
3
4
4
4
4
5
6
6
5
4
4
6
8
10
9
9
6
4
3
3
4
4
4
2
1
0
0
1
0
0
-1
-2
-2
-2
-3
-5
-6
-7
-6
-5
-5
-5
-6
-6
-8
-9
-9
-9
-8
-6
-5
-4
-4
-3
-3
-3
-4
-5
-2
3
9
13
12
10
9
11
15
18
20
22
25
27
28
29
30
34
38
41
44
46
48
50
51
52
54
58
60
60
59
58
59
60
61
63
65
67
69
69
71
72
71
71
71
72
73
71
69
68
67
68
67
65
64
62
61
59
58
57
55
54
53
52
50
48
46
43
38
34
30
27
25
24
22
19
14
12
10
9
8
5
1
-2
-5
-8
-8
-9
-10
-12
-14
-18
-20
-23
-24
-25
-26
-27
-29
-29
-28
-27
-27
-28
-29
-31
-31
-31
-32
-31
-31
-30
-31
-31
-29
-28
-27
-28
-30
-31
-28
-25
-21
-19
-18
-18
-18
-17
-16
-14
-11
-9
-8
-9
-9
-7
-4
-2
0
0
0
1
2
3
3
4
5
5
5
5
5
6
6
6
4
1
0
0
0
0
0
-1
-3
-4
-5
-5
-6
-7
-9
-11
-13
-14
-14
-15
-18
-20
-22
-23
-25
-27
-28
-30
-30
-31
-31
-32
-34
-36
-38
-40
-41
-42
-42
-43
-45
-47
-49
-50
-50
-51
-51
-52
-51
-51
-51
-50
-50
-52
-53
-54
-53
-50
-48
-46
-47
-48
-49
-48
-46
-44
-42
-40
-40
-39
-39
-37
-35
-33
-34
-34
-33
-30
-27
-26
-25
-24
-20
-16
-17
-22
-25
-21
-13
-8
-9
-12
-11
-6
-3
-5
-9
-9
-5
0
7
10
7
0
-3
-2
2
9
13
12
7
2
0
2
7
11
11
8
5
4
5
7
7
5
3
4
5
7
7
4
2
1
0
0
0
-1
-3
-4
-3
-3
-3
-3
-4
-5
-7
-10
-12
-11
-9
-7
-8
-11
-14
-14
-13
-12
-11
-11
-10
-11
-11
-11
-10
-9
-7
-5
-3
-2
-2
-2
-3
-3
-1
1
2
4
6
8
9
10
11
12
13
15
16
17
19
20
22
24
24
26
26
26
26
27
30
32
34
34
34
33
34
37
38
39
39
39
41
41
41
40
39
40
41
41
41
41
40
40
38
37
35
35
35
34
34
35
34
32
30
27
25
24
23
23
23
22
20
20
19
17
14
12
12
12
13
13
13
11
10
7
5
3
2
3
5
6
4
1
-1
-1
-1
0
1
2
1
0
-2
-2
-3
-4
-4
-2
-1
0
0
-1
-3
-5
-5
-3
0
2
3
3
1
0
-1
-1
0
3
4
5
5
3
2
2
3
4
5
4
4
5
5
6
7
6
5
5
5
4
3
2
1
2
3
2
1
0
-1
-1
-1
0
0
0
0
-2
-3
-3
-4
-4
-5
-7
-9
-9
-9
-9
-11
-13
-16
-17
-17
-17
-17
-16
-17
-21
-25
-27
-27
-28
-28
-28
-30
-32
-35
-37
-39
-40
-41
-42
-40
-38
-38
-38
-40
-41
-44
-47
-48
-47
-43
-41
-42
-43
-43
-45
-45
-45
-44
-43
-41
-38
-36
-35
-36
-37
-38
-38
-38
-36
-34
-34
-35
-35
-35
-34
-33
-32
-31
-31
-29
-28
-27
-26
-28
-28
-29
-27
-26
-25
-26
-26
-26
-24
-23
-21
-20
-19
-17
-15
-14
-14
-14
-13
-12
-13
-13
-11
-9
-6
-5
-6
-8
-10
-11
-9
-5
-1
0
0
0
0
0
0
0
0
-1
-3
-3
-1
0
0
1
1
2
2
2
1
1
1
4
5
6
7
7
7
6
6
6
7
7
7
7
7
7
7
8
8
8
7
7
6
5
5
4
4
5
5
5
4
1
0
0
1
2
2
2
0
0
-1
0
1
3
3
4
3
2
2
2
2
3
4
5
4
4
4
5
6
6
7
8
10
11
11
11
11
13
14
15
16
16
16
14
14
14
16
19
22
24
25
25
25
24
25
27
29
30
31
31
30
30
29
30
31
32
33
34
34
34
33
33
34
34
34
35
34
33
33
32
31
29
26
25
25
24
23
23
22
21
20
17
16
15
13
12
11
10
9
7
5
2
0
-1
-3
-4
-5
-6
-6
-7
-9
-10
-11
-11
-10
-11
-12
-14
-16
-18
-19
-18
-17
-17
-18
-20
-21
-23
-24
-23
-22
-20
-19
-19
-20
-22
-24
-24
-23
-20
-19
-19
-19
-20
-21
-21
-20
-19
-18
-15
-13
-12
-11
-12
-12
-12
-11
-11
-10
-8
-7
-8
-9
-8
-7
-5
-5
-7
-8
-10
-11
-12
-11
-10
-9
-10
-11
-13
-16
-17
-17
-15
-13
-12
-15
-18
-20
-21
-22
-22
-23
-22
-21
-21
-24
-27
-30
-30
-29
-28
-26
-26
-27
-29
-32
-34
-34
-32
-31
-31
-33
-34
-34
-34
-34
-33
-32
-31
-31
-31
-31
-31
-31
-29
-28
-26
-24
-23
-23
-23
-23
-22
-20
-17
-14
-12
-12
-11
-9
-8
-5
-2
0
1
0
-1
-2
0
1
4
7
8
8
8
8
8
7
7
9
11
11
11
11
11
10
9
8
7
8
10
11
11
10
7
7
6
6
7
7
5
3
1
0
1
2
1
0
-1
-2
-2
-3
-3
-5
-7
-8
-10
-12
-13
-14
-13
-14
-15
-16
-17
-17
-18
-17
-16
-17
-17
-17
-16
-16
-16
-17
-17
-17
-15
-13
-11
-11
-12
-12
-10
-8
-6
-4
-2
0
1
2
3
3
4
4
6
7
8
10
12
15
16
16
18
20
21
22
23
24
25
26
27
28
29
29
29
29
29
30
32
33
34
35
34
34
35
36
37
37
36
35
34
34
35
35
34
33
33
34
34
33
32
30
28
27
27
27
26
25
23
21
20
19
17
15
14
13
12
12
11
9
7
5
3
3
2
1
0
-1
-2
-2
-2
-2
-3
-4
-5
-5
-5
-5
-5
-7
-8
-9
-9
-8
-6
-5
-4
-5
-6
-7
-6
-6
-4
-3
-3
-2
-1
0
-1
-3
-5
-5
-4
-3
-2
-1
-2
-2
-3
-2
-1
-1
-1
-1
-1
0
0
0
-1
-3
-4
-4
-4
-5
-5
-5
-5
-6
-6
-6
-7
-8
-9
-9
-7
-7
-8
-9
-10
-13
-15
-16
-16
-16
-16
-16
-16
-17
-17
-18
-19
-21
-21
-21
-21
-20
-20
-20
-21
-22
-23
-23
-23
-23
-22
-24
-24
-24
-24
-24
-24
-24
-25
-24
-23
-21
-21
-21
-23
-23
-23
-22
-20
-19
-19
-20
-21
-21
-21
-20
-20
-20
-19
-17
-16
-16
-15
-15
-16
-15
-14
-13
-13
-13
-14
-14
-15
-14
-14
-13
-14
-14
-14
-14
-14
-14
-13
-12
-11
-12
-13
-14
-14
-14
-14
-14
-14
-15
-15
-16
-17
-16
-16
-15
-14
-14
-15
-14
-13
-14
-14
-14
-14
-14
-13
-13
-12
-12
-11
-11
-11
-10
-10
-10
-9
-9
-8
-8
-8
-7
-7
-7
-6
-5
-3
-3
-3
-2
-2
-1
-1
-1
0
1
2
4
8
10
7
2
0
3
10
14
13
12
13
14
14
12
9
8
11
16
20
20
16
12
11
13
15
19
20
19
15
13
12
14
16
17
17
16
16
16
16
16
14
13
13
14
16
17
16
14
12
12
12
13
13
12
10
9
10
11
12
11
10
8
6
6
7
8
9
9
8
7
7
7
7
7
8
9
11
11
9
7
5
5
7
10
11
11
9
8
9
10
11
11
11
11
11
12
13
12
13
13
13
13
13
12
11
12
12
12
13
14
15
15
13
12
11
11
12
13
14
13
13
11
10
9
9
10
10
10
9
8
8
8
8
7
6
6
5
5
5
4
3
2
1
1
0
0
0
0
-1
-2
-2
-3
-3
-4
-5
-6
-6
-7
-8
-9
-10
-11
-13
-13
-13
-14
-15
-15
-14
-14
-14
-14
-15
-16
-17
-18
-18
-18
-18
-18
-17
-16
-16
-16
-16
-17
-17
-16
-15
-15
-14
-14
-14
-13
-13
-14
-15
-15
-16
-15
-15
-14
-13
-13
-13
-13
-13
-14
-13
-13
-11
-12
-12
-13
-14
-13
-14
-14
-13
-13
-14
-14
-14
-14
-16
-16
-16
-15
-14
-13
-14
-15
-17
-18
-18
-17
-16
-16
-17
-18
-18
-19
-18
-17
-16
-16
-16
-17
-18
-19
-21
-22
-21
-20
-19
-18
-18
-18
-19
-20
-20
-20
-20
-18
-18
-19
-20
-21
-22
-22
-22
-21
-21
-21
-22
-23
-22
-22
-22
-22
-21
-21
-22
-22
-24
-24
-25
-25
-25
-25
-24
-23
-22
-21
-21
-20
-20
-20
-20
-20
-19
-18
-17
-17
-15
-15
-16
-17
-17
-16
-14
-11
-9
-8
-8
-9
-10
-11
-10
-8
-7
-6
-8
-9
-9
-8
-7
-6
-6
-5
-5
-5
-5
-5
-5
-5
-5
-4
-3
-3
-2
-2
-1
-2
-1
-1
-1
0
1
3
3
3
3
4
5
5
4
4
4
5
6
6
5
5
4
5
5
5
5
6
6
5
3
1
1
4
6
6
5
5
4
4
3
3
4
5
5
6
6
5
4
5
6
8
9
9
8
7
7
7
7
8
8
8
9
9
8
8
7
7
8
8
8
7
8
8
9
10
10
9
7
6
6
6
8
9
9
8
7
7
6
7
7
7
7
8
8
6
5
4
4
4
4
5
5
4
2
1
0
1
2
3
2
1
0
0
0
0
0
-2
-4
-5
-5
-4
-4
-3
-4
-5
-5
-6
-6
-6
-5
-6
-5
-5
-6
-7
-8
-8
-8
-7
-6
-6
-6
-7
-8
-8
-7
-6
-6
-5
-5
-5
-5
-5
-5
-5
-5
-5
-5
-4
-4
-5
-5
-4
-4
-4
-5
-6
-5
-4
-4
-4
-4
-4
-5
-5
-6
-7
-8
-7
-5
-3
-4
-5
-6
-7
-7
-7
-6
-5
-4
-4
-4
-6
-8
-9
-10
-9
-8
-7
-7
-9
-10
-10
-11
-11
-10
-11
-11
-12
-13
-14
-15
-16
-17
-16
-15
-14
-15
-17
-18
-19
-19
-19
-18
-18
-19
-20
-20
-20
-20
-20
-20
-21
-22
-22
-22
-21
-20
-19
-19
-19
-20
-21
-22
-22
-20
-18
-17
-17
-17
-19
-19
-19
-18
-17
-15
-15
-15
-14
-14
-14
-14
-13
-11
-10
-10
-10
-11
-12
-12
-11
-10
-8
-6
-6
-6
-7
-8
-9
-8
-7
-7
-7
-7
-6
-5
-5
-5
-5
-5
-4
-4
-4
-5
-5
-6
-5
-3
-3
-3
-4
-5
-5
-5
-5
-6
-6
-5
-4
-3
-2
-2
-3
-4
-5
-5
-5
-3
-2
-2
-3
-3
-3
-2
-1
-1
-2
-1
0
0
0
0
0
0
1
2
3
3
3
2
3
4
5
6
6
6
7
6
7
9
9
9
11
11
13
14
14
14
14
14
15
16
16
16
16
17
18
18
18
18
19
19
19
19
19
19
18
17
17
16
16
17
17
17
17
16
15
14
13
12
11
10
10
10
10
10
10
9
8
6
5
6
6
7
7
7
6
4
4
4
5
5
5
4
3
3
4
6
7
7
8
8
7
7
6
7
7
8
8
7
6
6
6
6
5
5
5
5
5
4
4
3
3
4
4
5
4
3
2
2
1
1
1
1
1
1
1
1
1
1
1
1
2
2
2
2
2
1
0
0
0
0
0
-1
-1
-1
-2
-2
-3
-3
-4
-4
-5
-5
-5
-5
-7
-7
-8
-8
-9
-9
-9
-10
-10
-11
-12
-13
-13
-14
-15
-15
-15
-14
-14
-15
-17
-18
-18
-17
-17
-17
-18
-18
-17
-18
-19
-20
-21
-21
-21
-21
-20
-20
-20
-20
-19
-18
-17
-17
-17
-17
-17
-18
-18
-17
-16
-16
-16
-17
-17
-17
-17
-16
-16
-16
-15
-15
-15
-15
-15
-17
-17
-15
-14
-14
-15
-15
-17
-17
-17
-17
-16
-16
-16
-16
-15
-14
-13
-13
-12
-12
-13
-13
-12
-12
-11
-11
-11
-10
-11
-11
-12
-11
-10
-9
-8
-7
-6
-6
-8
-9
-8
-7
-6
-6
-6
-7
-9
-9
-8
-8
-8
-8
-8
-7
-7
-6
-6
-6
-6
-6
-6
-6
-7
-7
-7
-7
-7
-6
-6
-5
-5
-5
-6
-6
-5
-4
-2
-2
-3
-3
-3
-3
-2
-1
-1
0
1
1
1
0
0
0
0
1
2
1
1
0
0
0
0
0
2
4
5
5
4
3
2
1
2
2
3
3
4
3
2
2
2
2
3
3
4
4
4
5
6
7
7
6
6
5
5
4
4
4
4
5
5
6
6
7
6
7
6
6
6
6
6
6
7
7
8
8
7
6
6
5
5
7
8
10
10
11
10
10
9
9
8
9
10
10
11
11
11
10
9
8
9
9
10
10
10
9
8
8
8
8
7
7
6
6
6
6
6
7
6
5
4
3
3
3
2
1
1
1
1
1
1
0
0
0
0
1
1
0
0
0
0
-1
-1
-2
-3
-3
-3
-3
-3
-3
-4
-4
-4
-4
-3
-3
-4
-3
-4
-4
-4
-5
-5
-6
-8
-9
-9
-8
-7
-7
-7
-7
-7
-8
-9
-10
-10
-10
-9
-8
-8
-9
-9
-10
-10
-10
-11
-11
-11
-12
-13
-12
-12
-12
-10
-10
-10
-11
-12
-13
-14
-14
-14
-13
-13
-12
-12
-13
-14
-16
-17
-19
-19
-18
-18
-19
-20
-20
-20
-19
-19
-20
-20
-21
-23
-23
-24
-24
-25
-25
-25
-25
-25
-25
-25
-26
-26
-27
-28
-27
-27
-25
-24
-24
-25
-25
-26
-27
-28
-29
-30
-29
-29
-28
-28
-28
-28
-28
-27
-27
-26
-26
-26
-25
-26
-26
-26
-26
-25
-24
-23
-24
-25
-25
-26
-26
-25
-24
-22
-20
-19
-19
-19
-20
-20
-20
-19
-18
-17
-18
-19
-19
-17
-17
-17
-17
-18
-18
-17
-17
-16
-16
-16
-15
-13
-13
-13
-14
-14
-15
-14
-13
-13
-12
-12
-12
-12
-12
-11
-10
-10
-11
-11
-11
-11
-10
-10
-9
-8
-9
-9
-8
-8
-9
-9
-8
-6
-5
-4
-4
-5
-6
-6
-6
-5
-4
-3
-2
-1
0
1
2
3
3
2
2
3
3
4
5
5
5
6
7
9
9
9
9
10
10
11
11
11
11
11
11
12
11
11
11
11
11
11
12
12
12
12
13
14
15
15
15
15
14
14
15
15
15
15
16
16
16
15
15
15
15
15
16
16
15
15
14
13
13
14
14
14
14
13
13
14
14
14
13
13
13
13
13
13
13
13
14
15
15
14
13
13
13
14
14
14
14
13
13
12
13
13
13
13
12
11
10
8
8
8
9
9
10
10
9
8
8
7
7
6
6
7
6
5
3
3
2
2
3
3
2
1
0
0
-1
0
0
1
1
0
-1
-3
-5
-6
-6
-6
-6
-6
-5
-5
-6
-7
-7
-7
-7
-6
-7
-8
-9
-9
-9
-9
-9
-10
-11
-13
-14
-15
-14
-14
-13
-12
-11
-11
-12
-12
-13
-13
-13
-13
-13
-13
-13
-12
-12
-12
-12
-11
-11
-12
-12
-11
-11
-11
-10
-10
-9
-9
-10
-11
-12
-13
-13
-12
-12
-11
-11
-11
-12
-13
-14
-15
-16
-15
-15
-15
-15
-15
-16
-16
-15
-15
-16
-16
-16
-16
-16
-15
-15
-16
-15
-16
-17
-17
-17
-17
-17
-16
-17
-17
-16
-17
-16
-17
-17
-17
-18
-18
-18
-18
-20
-21
-21
-21
-21
-21
-21
-22
-22
-21
-21
-22
-22
-21
-21
-21
-20
-21
-21
-22
-22
-23
-22
-21
-20
-19
-19
-19
-20
-21
-20
-20
-19
-19
-18
-18
-18
-18
-18
-19
-20
-19
-18
-18
-18
-18
-17
-17
-17
-17
-17
-17
-16
-17
-17
-15
-15
-14
-13
-13
-12
-12
-12
-12
-11
-10
-9
-8
-8
-8
-9
-10
-9
-9
-8
-8
-7
-8
-8
-8
-8
-7
-5
-4
-3
-3
-3
-3
-4
-4
-4
-3
-1
0
0
-1
-1
-1
-1
0
1
3
3
3
3
3
3
4
6
7
7
7
6
4
4
4
6
7
9
10
10
9
8
7
9
10
11
11
11
10
10
11
12
12
13
13
12
11
11
13
14
15
16
16
16
15
14
13
13
14
15
17
16
16
14
14
15
15
16
17
17
17
17
17
17
17
16
16
15
17
18
18
19
19
19
19
19
19
19
19
20
20
20
19
18
18
18
18
18
18
18
18
16
16
16
15
16
16
16
16
15
15
13
12
12
12
12
13
13
13
13
13
12
11
11
11
11
10
10
9
8
7
7
5
4
3
3
5
6
6
6
4
2
0
0
-1
-1
0
0
0
-1
-2
-3
-5
-5
-5
-5
-4
-5
-5
-5
-6
-6
-7
-7
-7
-9
-9
-9
-9
-9
-9
-8
-8
-8
-10
-11
-13
-14
-14
-14
-13
-13
-13
-13
-13
-13
-14
-14
-15
-16
-16
-16
-16
-16
-16
-15
-14
-14
-15
-16
-17
-18
-18
-18
-18
-18
-18
-18
-17
-16
-16
-16
-16
-17
-17
-18
-18
-18
-18
-18
-18
-19
-18
-18
-18
-17
-17
-18
-18
-19
-19
-20
-20
-19
-18
-19
-19
-20
-20
-20
-20
-20
-20
-20
-20
-20
-21
-20
-19
-18
-18
-17
-17
-18
-18
-17
-18
-18
-18
-17
-16
-15
-15
-14
-14
-14
-13
-13
-12
-13
-13
-14
-14
-13
-12
-12
-12
-12
-12
-12
-12
-12
-12
-11
-11
-12
-13
-13
-14
-14
-14
-13
-11
-10
-9
-9
-9
-9
-10
-10
-10
-9
-8
-8
-8
-8
-8
-9
-9
-10
-11
-11
-10
-9
-7
-6
-6
-5
-5
-6
-6
-6
-7
-7
-7
-7
-6
-6
-6
-6
-5
-4
-4
-3
-2
-1
-1
-1
-1
-1
0
1
1
2
2
1
0
0
0
0
0
0
1
1
2
2
2
1
2
1
2
1
1
1
1
1
1
1
1
2
3
3
2
2
2
3
4
5
6
6
6
7
8
9
9
10
10
11
11
11
12
13
13
14
14
13
13
12
12
12
12
14
15
15
14
13
13
12
12
13
13
12
12
12
12
11
11
11
11
10
11
11
12
12
12
13
14
15
16
16
16
16
15
14
14
13
13
14
14
14
15
15
15
14
14
14
14
15
14
14
13
13
12
12
12
11
11
10
10
11
12
12
12
12
12
11
9
8
7
6
6
7
8
8
8
7
6
4
4
4
5
6
6
6
5
4
4
4
3
3
2
2
1
1
2
3
3
4
4
3
2
0
-1
-2
-2
-1
-1
-1
-1
-1
-2
-3
-4
-4
-5
-5
-6
-5
-5
-5
-5
-6
-6
-7
-8
-8
-10
-11
-11
-11
-9
-9
-9
-8
-7
-6
-7
-8
-9
-10
-11
-12
-12
-12
-12
-12
-13
-13
-14
-16
-18
-18
-19
-20
-20
-20
-19
-19
-19
-20
-21
-22
-22
-23
-23
-23
-22
-22
-22
-22
-22
-22
-21
-21
-21
-21
-21
-22
-22
-21
-20
-20
-19
-19
-19
-20
-20
-21
-20
-19
-18
-17
-17
-17
-18
-19
-19
-19
-19
-20
-19
-18
-18
-18
-17
-16
-15
-15
-15
-16
-17
-17
-17
-16
-14
-13
-12
-12
-13
-13
-14
-14
-13
-12
-13
-12
-11
-11
-12
-11
-11
-12
-11
-12
-12
-13
-13
-13
-13
-13
-13
-12
-12
-12
-12
-12
-13
-13
-14
-14
-14
-14
-13
-12
-11
-10
-10
-10
-10
-9
-9
-8
-8
-8
-8
-8
-8
-7
-6
-6
-5
-4
-4
-4
-4
-4
-4
-4
-3
-2
0
0
0
-1
-2
-2
-2
-2
-2
0
-1
0
0
0
1
2
2
3
2
3
3
2
3
4
5
6
7
7
7
7
7
8
9
9
9
11
11
11
11
11
10
10
10
11
10
10
10
9
9
8
7
8
8
8
8
8
7
7
7
7
6
6
6
6
6
6
7
7
7
6
6
6
5
5
5
5
6
6
6
6
6
5
6
6
6
6
6
6
5
6
6
7
7
6
5
4
3
4
4
5
6
6
6
6
6
6
6
6
7
8
8
8
8
7
7
7
7
7
7
8
8
8
7
8
8
9
10
10
9
9
8
7
7
6
6
5
5
5
5
4
3
3
2
2
2
1
1
2
1
2
3
3
1
0
0
0
-2
-2
-1
-1
0
0
0
0
-1
-1
-1
-2
-2
-2
-2
-2
-1
0
0
0
-1
-1
-2
-3
-3
-3
-3
-2
-1
-2
-2
-2
-2
-2
-3
-3
-3
-2
-2
-1
-1
-1
-2
-3
-3
-5
-5
-5
-4
-4
-4
-4
-4
-3
-3
-3
-3
-3
-4
-5
-5
-5
-5
-5
-5
-5
-5
-7
-8
-9
-10
-10
-10
-9
-8
-8
-7
-6
-7
-8
-8
-9
-11
-12
-13
-14
-13
-12
-12
-12
-13
-13
-14
-15
-15
-15
-15
-15
-14
-14
-13
-13
-13
-14
-14
-14
-14
-14
-15
-16
-16
-16
-15
-15
-14
-14
-14
-14
-13
-14
-14
-13
-13
-13
-13
-12
-11
-11
-10
-10
-10
-10
-11
-11
-10
-9
-9
-9
-8
-7
-6
-6
-6
-6
-6
-6
-6
-5
-4
-4
-4
-2
-2
-2
-2
-3
-4
-5
-4
-4
-3
-3
-2
-1
-1
-1
-1
-2
-2
-2
-3
-3
-4
-4
-3
-2
-1
0
-1
-3
-3
-4
-4
-4
-3
-1
0
0
0
0
0
0
0
0
1
0
0
1
2
3
3
4
5
4
5
5
4
4
5
5
6
6
7
7
7
7
6
6
6
5
5
6
7
8
9
10
10
10
10
9
9
9
9
10
11
12
13
14
13
13
12
11
11
11
12
12
12
13
13
12
13
13
12
12
11
11
10
10
11
11
11
11
10
9
8
8
7
6
6
7
6
7
7
7
6
6
6
6
5
5
4
3
2
3
2
1
1
0
0
0
0
0
1
1
1
1
1
1
1
1
2
2
1
0
0
0
1
1
1
1
1
1
1
1
2
2
3
3
3
2
1
0
0
1
1
1
1
0
0
0
0
-1
0
0
-1
-1
-2
-2
-2
-1
-1
-1
0
-1
-2
-2
-2
-2
-1
-1
-2
-2
-3
-5
-5
-5
-5
-5
-5
-5
-6
-6
-6
-6
-6
-6
-6
-7
-7
-8
-8
-8
-8
-8
-7
-7
-8
-9
-10
-9
-9
-8
-8
-7
-6
-7
-6
-7
-7
-7
-7
-7
-8
-8
-8
-8
-8
-8
-8
-8
-8
-8
-9
-9
-10
-10
-9
-8
-8
-8
-8
-9
-10
-10
-10
-10
-9
-9
-9
-9
-9
-10
-9
-8
-8
-9
-8
-9
-9
-9
-8
-7
-7
-6
-6
-6
-7
-7
-7
-6
-6
-7
-7
-6
-7
-8
-8
-7
-8
-8
-8
-9
-10
-10
-11
-9
-9
-9
-9
-8
-8
-9
-10
-10
-10
-10
-9
-9
-9
-9
-9
-8
-8
-8
-7
-7
-8
-7
-8
-8
-8
-7
-7
-7
-7
-7
-8
-8
-9
-9
-9
-8
-8
-8
-8
-8
-9
-8
-8
-8
-8
-9
-9
-9
-9
-9
-9
-8
-8
-7
-6
-6
-5
-5
-5
-5
-4
-4
-4
-3
-3
-2
-2
-2
-2
-2
-2
-2
-2
-1
-1
0
1
1
1
1
0
0
0
0
0
0
0
0
0
0
-1
-1
-1
-1
-1
-1
-1
0
0
0
0
1
1
0
0
0
0
0
0
1
2
2
2
3
3
3
3
3
4
3
4
6
6
7
7
7
7
6
6
6
6
6
6
6
6
7
7
7
7
7
7
6
6
6
6
6
7
8
9
9
8
7
6
6
6
6
6
6
7
7
6
6
6
5
5
4
4
4
4
4
3
4
3
3
3
3
2
1
0
0
0
0
0
0
1
0
0
0
0
0
0
0
1
1
2
2
2
2
2
1
0
0
0
0
0
0
1
1
1
0
0
0
-1
0
0
0
0
0
1
0
0
-1
-1
-1
-1
-1
0
-1
-1
-1
-1
-1
-1
-2
-3
-3
-2
-3
-3
-3
-3
-2
-3
-3
-3
-3
-4
-4
-3
-4
-3
-4
-4
-4
-4
-3
-3
-4
-4
-4
-5
-5
-5
-5
-5
-4
-4
-4
-5
-6
-7
-6
-6
-7
-7
-7
-7
-7
-8
-8
-8
-8
-8
-8
-9
-9
-8
-7
-7
-6
-6
-5
-5
-6
-6
-6
-6
-5
-5
-5
-5
-5
-5
-4
-4
-4
-4
-4
-5
-5
-5
-4
-4
-4
-3
-4
-4
-5
-5
-6
-6
-5
-5
-5
-5
-5
-5
-5
-5
-5
-4
-4
-4
-4
-3
-3
-4
-4
-4
-5
-5
-5
-6
-6
-7
-6
-6
-7
-7
-8
-9
-9
-8
-8
-9
-10
-9
-9
-9
-9
-10
-10
-10
-9
-9
-9
-9
-8
-7
-6
-6
-6
-6
-6
-6
-5
-5
-4
-3
-2
-1
-1
-2
-2
-3
-4
-4
-4
-3
-3
-2
-2
-2
-2
-3
-3
-4
-4
-5
-5
-5
-3
-3
-3
-3
-3
-3
-3
-3
-3
-2
-2
-1
-1
-1
-1
-1
-2
-2
-2
-2
-1
-1
0
0
1
1
1
1
1
1
1
1
1
1
2
2
2
3
2
1
1
0
0
0
2
2
2
2
1
0
0
0
0
0
0
0
0
0
0
0
0
0
-1
-1
-2
-2
-1
-1
0
-1
0
0
0
0
0
0
0
0
0
0
1
1
1
1
1
2
2
2
2
1
1
2
2
2
2
3
2
1
1
1
1
0
0
0
0
0
0
0
0
0
0
0
0
0
0
0
0
0
0
0
0
0
-1
-1
0
0
0
0
-1
0
-1
0
0
0
0
0
0
-1
-1
-1
-1
-1
-1
-2
-2
-1
-1
-1
-1
-1
-1
-1
-2
-2
-2
-2
-2
-2
-1
0
0
0
-1
-1
-1
-1
-1
-1
-1
0
0
-1
-1
-1
-2
-1
-1
-1
-2
-2
-2
-2
-2
-3
-3
-4
-4
-5
-4
-5
-5
-5
-4
-4
-5
-5
-5
-4
-4
-4
-3
-3
-4
-4
-4
-4
-4
-4
-3
-4
-4
-5
-6
-6
-6
-5
-5
-5
-5
-5
-6
-7
-7
-7
-7
-7
-7
-7
-7
-8
-8
-8
-8
-8
-8
-8
-7
-7
-8
-8
-8
-7
-7
-6
-6
-6
-7
-8
-8
-9
-8
-8
-8
-8
-8
-9
-10
-11
-11
-11
-10
-9
-9
-10
-9
-9
-10
-9
-8
-9
-8
-8
-7
-8
-7
-7
-6
-5
-5
-6
-6
-6
-5
-5
-5
-4
-3
-4
-4
-4
-4
-4
-4
-4
-4
-4
-4
-4
-4
-5
-5
-5
-5
-5
-5
-5
-5
-4
-4
-4
-3
-4
-3
-3
-4
-4
-4
-4
-4
-3
-3
-4
-4
-5
-5
-5
-5
-4
-4
-4
-4
-3
-3
-3
-4
-4
-4
-4
-4
-4
-4
-3
-3
-2
-2
-2
-1
-2
-2
-2
-1
0
0
0
0
0
0
-1
0
0
0
0
1
1
2
2
2
1
1
1
1
1
2
2
2
2
2
3
3
2
2
1
1
1
1
1
2
2
2
2
2
2
1
0
0
0
1
2
2
2
2
1
0
0
0
-1
-1
0
0
0
0
1
1
1
1
0
1
0
0
1
1
1
1
1
1
1
1
1
1
0
0
0
0
0
0
0
1
0
0
0
-1
-1
0
0
-1
-1
-1
-1
-1
-2
-2
-3
-3
-3
-3
-3
-3
-2
-1
-1
-2
-2
-2
-2
-2
-2
-2
-1
0
0
0
0
0
1
0
0
0
0
0
0
1
1
2
2
1
1
1
1
0
0
0
0
0
0
0
0
0
0
-1
-2
-2
-2
-2
-3
-2
-2
-1
-1
-1
-1
-2
-4
-5
-5
-6
-6
-5
-5
-4
-4
-4
-5
-6
-6
-6
-7
-7
-7
-7
-6
-6
-5
-5
-5
-5
-5
-5
-5
-6
-6
-6
-6
-5
-4
-3
-2
-2
-2
-3
-3
-3
-2
-3
-2
-2
-1
0
-1
-1
-2
-3
-3
-3
-3
-2
-2
-1
-1
0
0
0
-1
-2
-2
-3
-4
-3
-3
-2
-2
-2
-2
-2
-3
-3
-4
-4
-3
-3
-1
-1
-1
0
0
-1
-2
-2
-3
-3
-3
-3
-2
-2
-1
-1
-1
-2
-2
-2
-3
-3
-4
-4
-5
-4
-4
-3
-3
-3
-4
-5
-6
-7
-7
-7
-6
-6
-6
-5
-5
-6
-7
-8
-8
-9
-8
-8
-7
-7
-6
-5
-5
-5
-5
-6
-6
-6
-6
-5
-4
-4
-4
-4
-3
-3
-3
-3
-3
-3
-3
-3
-2
-1
0
0
0
0
0
-1
-1
-1
-1
-1
0
0
0
0
-1
-2
-2
-2
-3
-3
-3
-2
-3
-3
-3
-3
-3
-3
-4
-5
-5
-5
-5
-5
-4
-3
-3
-4
-4
-5
-5
-5
-5
-5
-5
-4
-4
-4
-4
-4
-3
-2
-3
-3
-3
-3
-2
-2
-1
-1
0
0
0
0
0
0
0
0
0
0
0
0
0
0
0
0
0
0
0
-1
-1
0
-1
0
0
0
0
0
0
0
0
0
0
0
0
0
1
1
0
1
1
1
1
1
1
0
0
0
1
1
1
1
1
1
0
0
0
0
0
0
0
0
0
0
1
1
1
0
0
0
0
-1
-1
0
0
0
0
0
-1
-1
-1
0
0
1
0
0
0
0
0
0
0
-1
-1
-1
-1
-1
0
0
0
-1
-1
-1
-1
-1
-1
-1
-1
-1
-1
-1
0
0
0
-1
-2
-2
-2
-1
-1
-1
-2
-1
-1
-1
-1
-1
-2
-2
-3
-3
-3
-3
-2
-2
-3
-3
-4
-5
-6
-6
-6
-7
-6
-7
-7
-7
-7
-7
-7
-8
-8
-8
-8
-8
-7
-7
-6
-6
-6
-6
-6
-6
-7
-8
-7
-7
-7
-6
-6
-5
-6
-6
-8
-8
-8
-8
-7
-7
-7
-7
-7
-7
-7
-7
-7
-8
-8
-8
-8
-8
-8
-7
-7
-7
-7
-7
-8
-8
-8
-7
-7
-6
-6
-5
-5
-5
-5
-5
-4
-5
-4
-5
-5
-4
-4
-3
-2
-2
-2
-2
-2
-2
-2
-2
-2
-2
-2
-3
-3
-3
-3
-4
-3
-4
-4
-5
-5
-5
-5
-4
-4
-3
-3
-3
-3
-4
-4
-4
-5
-4
-4
-4
-3
-3
-3
-3
-3
-3
-3
-2
-2
-2
-1
-1
-1
-1
-1
-1
-1
-1
0
0
0
0
0
0
0
0
0
0
0
-1
-1
-2
-2
-2
-2
-2
-2
-2
-2
-2
-2
-2
-3
-3
-3
-3
-3
-4
-4
-5
-5
-5
-6
-6
-6
-6
-6
-6
-6
-6
-6
-7
-7
-6
-6
-5
-5
-6
-6
-6
-6
-5
-5
-4
-4
-4
-4
-4
-4
-4
-3
-3
-2
-2
-2
-2
-2
-1
-2
-1
-1
-1
-1
-1
-1
-1
-1
-1
-1
-1
-1
-2
-2
-2
-1
-1
-1
-2
-2
-2
-1
0
0
0
0
0
0
0
0
0
0
0
0
0
0
1
1
1
1
1
1
0
0
0
0
0
0
1
1
1
1
1
1
1
0
0
0
0
0
0
0
0
0
0
0
0
0
0
0
0
0
1
1
1
1
1
2
1
1
1
2
1
2
2
1
2
2
2
2
1
1
1
1
1
1
1
1
1
2
2
2
2
2
1
1
0
0
0
0
0
1
1
1
1
0
0
0
0
0
0
0
-1
0
0
0
0
0
0
-1
-1
-2
-1
-2
-2
-2
-1
-1
-1
0
-1
-1
-1
-2
-2
-3
-3
-3
-3
-2
-3
-3
-3
-3
-4
-5
-5
-5
-5
-6
-5
-5
-5
-6
-6
-5
-6
-6
-6
-6
-5
-5
-6
-5
-5
-5
-6
-6
-6
-6
-6
-6
-6
-6
-6
-6
-6
-6
-5
-5
-5
-5
-5
-5
-6
-5
-5
-4
-4
-4
-4
-5
-5
-5
-6
-6
-5
-5
-5
-5
-5
-5
-5
-5
-5
-5
-5
-6
-6
-6
-5
-4
-4
-4
-3
-4
-5
-5
-5
-5
-5
-5
-5
-5
-4
-4
-4
-4
-5
-5
-5
-6
-6
-6
-6
-5
-4
-4
-4
-5
-6
-5
-5
-5
-4
-4
-3
-3
-3
-3
-2
-2
-3
-2
-3
-3
-1
-1
0
0
0
0
1
0
1
0
0
0
0
0
0
0
0
0
0
0
0
0
0
0
-1
0
0
0
0
0
1
0
0
0
0
0
0
0
0
1
1
1
2
2
2
1
1
0
1
1
1
2
1
1
1
0
0
0
0
-1
-1
0
-1
-1
-1
-1
-1
-1
-1
-1
-1
-2
-2
-3
-3
-3
-3
-3
-3
-3
-3
-3
-3
-3
-4
-4
-4
-4
-3
-3
-2
-2
-2
-3
-3
-3
-3
-4
-4
-4
-3
-4
-4
-3
-4
-4
-4
-4
-3
-3
-3
-3
-2
-2
-2
-1
-1
-1
0
0
0
0
0
0
0
0
0
0
0
0
0
0
0
0
0
0
0
0
0
0
0
0
0
0
0
0
0
-1
0
-1
0
0
0
0
0
0
0
0
0
0
0
0
0
0
0
-1
-1
-1
-1
-2
-2
-3
-4
-3
-4
-4
-3
-3
-4
-4
-4
-5
-5
-6
-6
-6
-6
-6
-6
-5
-5
-5
-5
-5
-5
-6
-5
-5
-4
-4
-4
-4
-4
-3
-3
-3
-4
-3
-3
-3
-3
-3
-2
-2
-2
-2
-2
-2
-2
-2
-2
-2
-2
-2
-2
-2
-2
-1
-1
-2
-2
-2
-2
-3
-3
-3
-3
-2
-2
-2
-3
-3
-3
-4
-4
-4
-4
-3
-4
-4
-3
-2
-2
-2
-2
-2
-2
-1
-1
-1
-1
0
0
0
0
0
0
0
0
-1
0
0
0
0
-1
-2
-2
-2
-2
-2
-2
-2
-3
-3
-3
-3
-3
-3
-3
-3
-4
-4
-4
-4
-4
-5
-5
-5
-5
-4
-4
-5
-5
-5
-4
-4
-3
-3
-4
-4
-4
-4
-4
-4
-3
-4
-4
-4
-4
-4
-4
-3
-4
-4
-5
-4
-4
-4
-3
-3
-2
-3
-2
-2
-2
-2
-2
-1
-2
-2
-2
-2
-2
-2
-2
-2
-2
-3
-3
-2
-3
-3
-3
-3
-3
-3
-3
-3
-4
-4
-4
-4
-4
-4
-3
-4
-4
-4
-4
-5
-4
-4
-4
-4
-4
-4
-4
-4
-4
-4
-3
-3
-2
-2
-2
-2
-2
-1
-1
-1
-1
0
-1
-1
0
0
0
0
0
0
0
0
0
-1
-1
-1
-1
-2
-2
-1
-1
-1
0
0
0
0
0
0
0
0
1
1
1
1
1
1
2
2
3
2
3
2
2
2
2
2
2
2
2
2
2
2
2
2
2
1
1
0
1
0
0
0
0
0
0
0
0
0
0
0
0
0
0
0
0
0
0
0
0
1
1
1
0
0
1
0
0
0
0
0
0
0
0
0
0
0
-1
-2
-2
-1
-1
-1
-1
-1
-2
-2
-2
-2
-2
-2
-3
-3
-3
-3
-2
-3
-3
-3
-3
-3
-3
-2
-1
-1
-2
-2
-2
-2
-2
-2
-2
-2
-1
-2
-2
-2
-2
-1
-1
-1
-2
-2
-2
-2
-2
-3
-2
-3
-3
-2
-3
-3
-3
-4
-4
-4
-4
-5
-4
-4
-4
-4
-3
-3
-3
-3
-3
-3
-2
-3
-3
-3
-3
-2
-2
-2
-3
-2
-2
-3
-2
-2
-3
-3
-3
-3
-4
-4
-4
-4
-4
-4
-5
-4
-4
-4
-4
-4
-4
-4
-4
-4
-5
-5
-5
-5
-4
-4
-3
-3
-3
-3
-2
-2
-2
-2
-2
-1
-1
0
0
0
0
0
0
0
